     -3.9950000000      0.0000000000      0.0000000000      0.0000000000      0.0000000000      0.0000000000      0.0000000000      0.0000000000      0.0000000000      0.0000000000      0.0000000000      0.0000000000
     -3.9750000000      0.0000000000      0.0000000000      0.0000000000      0.0000000000      0.0000000000      0.0000000000      0.0000000000      0.0000000000      0.0000000000      0.0000000000      0.0000000000
     -3.9550000000      0.0000000000      0.0000000000      0.0000000000      0.0000000000      0.0000000000      0.0000000000      0.0000000000      0.0000000000      0.0000000000      0.0000000000      0.0000000000
     -3.9350000000      0.0000000000      0.0000000000      0.0000000000      0.0000000000      0.0000000000      0.0000000000      0.0000000000      0.0000000000      0.0000000000      0.0000000000      0.0000000000
     -3.9150000000      0.0000000000      0.0000000000      0.0000000000      0.0000000000      0.0000000000      0.0000000000      0.0000000000      0.0000000000      0.0000000000      0.0000000000      0.0000000000
     -3.8950000000      0.0000000000      0.0000000000      0.0000000000      0.0000000000      0.0000000000      0.0000000000      0.0000000000      0.0000000000      0.0000000000      0.0000000000      0.0000000000
     -3.8750000000      0.0000000000      0.0000000000      0.0000000000      0.0000000000      0.0000000000      0.0000000000      0.0000000000      0.0000000000      0.0000000000      0.0000000000      0.0000000000
     -3.8550000000      0.0000000000      0.0000000000      0.0000000000      0.0000000000      0.0000000000      0.0000000000      0.0000000000      0.0000000000      0.0000000000      0.0000000000      0.0000000000
     -3.8350000000      0.0000000000      0.0000000000      0.0000000000      0.0000000000      0.0000000000      0.0000000000      0.0000000000      0.0000000000      0.0000000000      0.0000000000      0.0000000000
     -3.8150000000      0.0000000000      0.0000000000      0.0000000000      0.0000000000      0.0000000000      0.0000000000      0.0000000000      0.0000000000      0.0000000000      0.0000000000      0.0000000000
     -3.7950000000      0.0000000000      0.0000000000      0.0000000000      0.0000000000      0.0000000000      0.0000000000      0.0000000000      0.0000000000      0.0000000000      0.0000000000      0.0000000000
     -3.7750000000      0.0000000000      0.0000000000      0.0000000000      0.0000000000      0.0000000000      0.0000000000      0.0000000000      0.0000000000      0.0000000000      0.0000000000      0.0000000000
     -3.7550000000      0.0000000000      0.0000000000      0.0000000000      0.0000000000      0.0000000000      0.0000000000      0.0000000000      0.0000000000      0.0000000000      0.0000000000      0.0000000000
     -3.7350000000      0.0000000000      0.0000000000      0.0000000000      0.0000000000      0.0000000000      0.0000000000      0.0000000000      0.0000000000      0.0000000000      0.0000000000      0.0000000000
     -3.7150000000      0.0000000000      0.0000000000      0.0000000000      0.0000000000      0.0000000000      0.0000000000      0.0000000000      0.0000000000      0.0000000000      0.0000000000      0.0000000000
     -3.6950000000      0.0000000000      0.0000000000      0.0000000000      0.0000000000      0.0000000000      0.0000000000      0.0000000000      0.0000000000      0.0000000000      0.0000000000      0.0000000000
     -3.6750000000      0.0000000000      0.0000000000      0.0000000000      0.0000000000      0.0000000000      0.0000000000      0.0000000000      0.0000000000      0.0000000000      0.0000000000      0.0000000000
     -3.6550000000      0.0000000000      0.0000000000      0.0000000000      0.0000000000      0.0000000000      0.0000000000      0.0000000000      0.0000000000      0.0000000000      0.0000000000      0.0000000000
     -3.6350000000      0.0000000000      0.0000000000      0.0000000000      0.0000000000      0.0000000000      0.0000000000      0.0000000000      0.0000000000      0.0000000000      0.0000000000      0.0000000000
     -3.6150000000      0.0000000000      0.0000000000      0.0000000000      0.0000000000      0.0000000000      0.0000000000      0.0000000000      0.0000000000      0.0000000000      0.0000000000      0.0000000000
     -3.5950000000      0.0000000000      0.0000000000      0.0000000000      0.0000000000      0.0000000000      0.0000000000      0.0000000000      0.0000000000      0.0000000000      0.0000000000      0.0000000000
     -3.5750000000      0.0000000000      0.0000000000      0.0000000000      0.0000000000      0.0000000000      0.0000000000      0.0000000000      0.0000000000      0.0000000000      0.0000000000      0.0000000000
     -3.5550000000      0.0000000000      0.0000000000      0.0000000000      0.0000000000      0.0000000000      0.0000000000      0.0000000000      0.0000000000      0.0000000000      0.0000000000      0.0000000000
     -3.5350000000      0.0000000000      0.0000000000      0.0000000000      0.0000000000      0.0000000000      0.0000000000      0.0000000000      0.0000000000      0.0000000000      0.0000000000      0.0000000000
     -3.5150000000      0.0000000000      0.0000000000      0.0000000000      0.0000000000      0.0000000000      0.0000000000      0.0000000000      0.0000000000      0.0000000000      0.0000000000      0.0000000000
     -3.4950000000      0.0000000000      0.0000000000      0.0000000000      0.0000000000      0.0000000000      0.0000000000      0.0000000000      0.0000000000      0.0000000000      0.0000000000      0.0000000000
     -3.4750000000      0.0000000000      0.0000000000      0.0000000000      0.0000000000      0.0000000000      0.0000000000      0.0000000000      0.0000000000      0.0000000000      0.0000000000      0.0000000000
     -3.4550000000      0.0000000000      0.0000000000      0.0000000000      0.0000000000      0.0000000000      0.0000000000      0.0000000000      0.0000000000      0.0000000000      0.0000000000      0.0000000000
     -3.4350000000      0.0000000000      0.0000000000      0.0000000000      0.0000000000      0.0000000000      0.0000000000      0.0000000000      0.0000000000      0.0000000000      0.0000000000      0.0000000000
     -3.4150000000      0.0000000000      0.0000000000      0.0000000000      0.0000000000      0.0000000000      0.0000000000      0.0000000000      0.0000000000      0.0000000000      0.0000000000      0.0000000000
     -3.3950000000      0.0000000000      0.0000000000      0.0000000000      0.0000000000      0.0000000000      0.0000000000      0.0000000000      0.0000000000      0.0000000000      0.0000000000      0.0000000000
     -3.3750000000      0.0000000000      0.0000000000      0.0000000000      0.0000000000      0.0000000000      0.0000000000      0.0000000000      0.0000000000      0.0000000000      0.0000000000      0.0000000000
     -3.3550000000      0.0000000000      0.0000000000      0.0000000000      0.0000000000      0.0000000000      0.0000000000      0.0000000000      0.0000000000      0.0000000000      0.0000000000      0.0000000000
     -3.3350000000      0.0000000000      0.0000000000      0.0000000000      0.0000000000      0.0000000000      0.0000000000      0.0000000000      0.0000000000      0.0000000000      0.0000000000      0.0000000000
     -3.3150000000      0.0000000000      0.0000000000      0.0000000000      0.0000000000      0.0000000000      0.0000000000      0.0000000000      0.0000000000      0.0000000000      0.0000000000      0.0000000000
     -3.2950000000      0.0000000000      0.0000000000      0.0000000000      0.0000000000      0.0000000000      0.0000000000      0.0000000000      0.0000000000      0.0000000000      0.0000000000      0.0000000000
     -3.2750000000      0.0000000000      0.0000000000      0.0000000000      0.0000000000      0.0000000000      0.0000000000      0.0000000000      0.0000000000      0.0000000000      0.0000000000      0.0000000000
     -3.2550000000      0.0000000000      0.0000000000      0.0000000000      0.0000000000      0.0000000000      0.0000000000      0.0000000000      0.0000000000      0.0000000000      0.0000000000      0.0000000000
     -3.2350000000      0.0000000000      0.0000000000      0.0000000000      0.0000000000      0.0000000000      0.0000000000      0.0000000000      0.0000000000      0.0000000000      0.0000000000      0.0000000000
     -3.2150000000      0.0000000000      0.0000000000      0.0000000000      0.0000000000      0.0000000000      0.0000000000      0.0000000000      0.0000000000      0.0000000000      0.0000000000      0.0000000000
     -3.1950000000      0.0000000000      0.0000000000      0.0000000000      0.0000000000      0.0000000000      0.0000000000      0.0000000000      0.0000000000      0.0000000000      0.0000000000      0.0000000000
     -3.1750000000      0.0000000000      0.0000000000      0.0000000000      0.0000000000      0.0000000000      0.0000000000      0.0000000000      0.0000000000      0.0000000000      0.0000000000      0.0000000000
     -3.1550000000      0.0000000000      0.0000000000      0.0000000000      0.0000000000      0.0000000000      0.0000000000      0.0000000000      0.0000000000      0.0000000000      0.0000000000      0.0000000000
     -3.1350000000      0.0000000000      0.0000000000      0.0000000000      0.0000000000      0.0000000000      0.0000000000      0.0000000000      0.0000000000      0.0000000000      0.0000000000      0.0000000000
     -3.1150000000      0.0000000000      0.0000000000      0.0000000000      0.0000000000      0.0000000000      0.0000000000      0.0000000000      0.0000000000      0.0000000000      0.0000000000      0.0000000000
     -3.0950000000      0.0000000000      0.0000000000      0.0000000000      0.0000000000      0.0000000000      0.0000000000      0.0000000000      0.0000000000      0.0000000000      0.0000000000      0.0000000000
     -3.0750000000      0.0000000000      0.0000000000      0.0000000000      0.0000000000      0.0000000000      0.0000000000      0.0000000000      0.0000000000      0.0000000000      0.0000000000      0.0000000000
     -3.0550000000      0.0000000000      0.0000000000      0.0000000000      0.0000000000      0.0000000000      0.0000000000      0.0000000000      0.0000000000      0.0000000000      0.0000000000      0.0000000000
     -3.0350000000      0.0000000000      0.0000000000      0.0000000000      0.0000000000      0.0000000000      0.0000000000      0.0000000000      0.0000000000      0.0000000000      0.0000000000      0.0000000000
     -3.0150000000      0.0000000000      0.0000000000      0.0000000000      0.0000000000      0.0000000000      0.0000000000      0.0000000000      0.0000000000      0.0000000000      0.0000000000      0.0000000000
     -2.9950000000      0.0000000000      0.0000000000      0.0000000000      0.0000000000      0.0000000000      0.0000000000      0.0000000000      0.0000000000      0.0000000000      0.0000000000      0.0000000000
     -2.9750000000      0.0000000000      0.0000000000      0.0000000000      0.0000000000      0.0000000000      0.0000000000      0.0000000000      0.0000000000      0.0000000000      0.0000000000      0.0000000000
     -2.9550000000      0.0000000000      0.0000000000      0.0000000000      0.0000000000      0.0000000000      0.0000000000      0.0000000000      0.0000000000      0.0000000000      0.0000000000      0.0000000000
     -2.9350000000      0.0000000000      0.0000000000      0.0000000000      0.0000000000      0.0000000000      0.0000000000      0.0000000000      0.0000000000      0.0000000000      0.0000000000      0.0000000000
     -2.9150000000      0.0000000000      0.0000000000      0.0000000000      0.0000000000      0.0000000000      0.0000000000      0.0000000000      0.0000000000      0.0000000000      0.0000000000      0.0000000000
     -2.8950000000      0.0000000000      0.0000000000      0.0000000000      0.0000000000      0.0000000000      0.0000000000      0.0000000000      0.0000000000      0.0000000000      0.0000000000      0.0000000000
     -2.8750000000      0.0000000000      0.0000000000      0.0000000000      0.0000000000      0.0000000000      0.0000000000      0.0000000000      0.0000000000      0.0000000000      0.0000000000      0.0000000000
     -2.8550000000      0.0000000000      0.0000000000      0.0000000000      0.0000000000      0.0000000000      0.0000000000      0.0000000000      0.0000000000      0.0000000000      0.0000000000      0.0000000000
     -2.8350000000      0.0000000000      0.0000000000      0.0000000000      0.0000000000      0.0000000000      0.0000000000      0.0000000000      0.0000000000      0.0000000000      0.0000000000      0.0000000000
     -2.8150000000      0.0000000000      0.0000000000      0.0000000000      0.0000000000      0.0000000000      0.0000000000      0.0000000000      0.0000000000      0.0000000000      0.0000000000      0.0000000000
     -2.7950000000      0.0000000000      0.0000000000      0.0000000000      0.0000000000      0.0000000000      0.0000000000      0.0000000000      0.0000000000      0.0000000000      0.0000000000      0.0000000000
     -2.7750000000      0.0000000000      0.0000000000      0.0000000000      0.0000000000      0.0000000000      0.0000000000      0.0000000000      0.0000000000      0.0000000000      0.0000000000      0.0000000000
     -2.7550000000      0.0000000000      0.0000000000      0.0000000000      0.0000000000      0.0000000000      0.0000000000      0.0000000000      0.0000000000      0.0000000000      0.0000000000      0.0000000000
     -2.7350000000      0.0000000000      0.0000000000      0.0000000000      0.0000000000      0.0000000000      0.0000000000      0.0000000000      0.0000000000      0.0000000000      0.0000000000      0.0000000000
     -2.7150000000      0.0000000000      0.0000000000      0.0000000000      0.0000000000      0.0000000000      0.0000000000      0.0000000000      0.0000000000      0.0000000000      0.0000000000      0.0000000000
     -2.6950000000      0.0000000000      0.0000000000      0.0000000000      0.0000000000      0.0000000000      0.0000000000      0.0000000000      0.0000000000      0.0000000000      0.0000000000      0.0000000000
     -2.6750000000      0.0000000000      0.0000000000      0.0000000000      0.0000000000      0.0000000000      0.0000000000      0.0000000000      0.0000000000      0.0000000000      0.0000000000      0.0000000000
     -2.6550000000      0.0000000000      0.0000000000      0.0000000000      0.0000000000      0.0000000000      0.0000000000      0.0000000000      0.0000000000      0.0000000000      0.0000000000      0.0000000000
     -2.6350000000      0.0000000000      0.0000000000      0.0000000000      0.0000000000      0.0000000000      0.0000000000      0.0000000000      0.0000000000      0.0000000000      0.0000000000      0.0000000000
     -2.6150000000      0.0000000000      0.0000000000      0.0000000000      0.0000000000      0.0000000000      0.0000000000      0.0000000000      0.0000000000      0.0000000000      0.0000000000      0.0000000000
     -2.5950000000      0.0000000000      0.0000000000      0.0000000000      0.0000000000      0.0000000000      0.0000000000      0.0000000000      0.0000000000      0.0000000000      0.0000000000      0.0000000000
     -2.5750000000      0.0000000000      0.0000000000      0.0000000000      0.0000000000      0.0000000000      0.0000000000      0.0000000000      0.0000000000      0.0000000000      0.0000000000      0.0000000000
     -2.5550000000      0.0000000000      0.0000000000      0.0000000000      0.0000000000      0.0000000000      0.0000000000      0.0000000000      0.0000000000      0.0000000000      0.0000000000      0.0000000000
     -2.5350000000      0.0000000000      0.0000000000      0.0000000000      0.0000000000      0.0000000000      0.0000000000      0.0000000000      0.0000000000      0.0000000000      0.0000000000      0.0000000000
     -2.5150000000      0.0000000000      0.0000000000      0.0000000000      0.0000000000      0.0000000000      0.0000000000      0.0000000000      0.0000000000      0.0000000000      0.0000000000      0.0000000000
     -2.4950000000      0.0000000000      0.0000000000      0.0000000000      0.0000000000      0.0000000000      0.0000000000      0.0000000000      0.0000000000      0.0000000000      0.0000000000      0.0000000000
     -2.4750000000      0.0000000000      0.0000000000      0.0000000000      0.0000000000      0.0000000000      0.0000000000      0.0000000000      0.0000000000      0.0000000000      0.0000000000      0.0000000000
     -2.4550000000      0.0000000000      0.0000000000      0.0000000000      0.0000000000      0.0000000000      0.0000000000      0.0000000000      0.0000000000      0.0000000000      0.0000000000      0.0000000000
     -2.4350000000      0.0000000000      0.0000000000      0.0000000000      0.0000000000      0.0000000000      0.0000000000      0.0000000000      0.0000000000      0.0000000000      0.0000000000      0.0000000000
     -2.4150000000      0.0000000000      0.0000000000      0.0000000000      0.0000000000      0.0000000000      0.0000000000      0.0000000000      0.0000000000      0.0000000000      0.0000000000      0.0000000000
     -2.3950000000      0.0000000000      0.0000000000      0.0000000000      0.0000000000      0.0000000000      0.0000000000      0.0000000000      0.0000000000      0.0000000000      0.0000000000      0.0000000000
     -2.3750000000      0.0000000000      0.0000000000      0.0000000000      0.0000000000      0.0000000000      0.0000000000      0.0000000000      0.0000000000      0.0000000000      0.0000000000      0.0000000000
     -2.3550000000      0.0000000000      0.0000000000      0.0000000000      0.0000000000      0.0000000000      0.0000000000      0.0000000000      0.0000000000      0.0000000000      0.0000000000      0.0000000000
     -2.3350000000      0.0000000000      0.0000000000      0.0000000000      0.0000000000      0.0000000000      0.0000000000      0.0000000000      0.0000000000      0.0000000000      0.0000000000      0.0000000000
     -2.3150000000      0.0000000000      0.0000000000      0.0000000000      0.0000000000      0.0000000000      0.0000000000      0.0000000000      0.0000000000      0.0000000000      0.0000000000      0.0000000000
     -2.2950000000      0.0000000000      0.0000000000      0.0000000000      0.0000000000      0.0000000000      0.0000000000      0.0000000000      0.0000000000      0.0000000000      0.0000000000      0.0000000000
     -2.2750000000      0.0000000000      0.0000000000      0.0000000000      0.0000000000      0.0000000000      0.0000000000      0.0000000000      0.0000000000      0.0000000000      0.0000000000      0.0000000000
     -2.2550000000      0.0000000000      0.0000000000      0.0000000000      0.0000000000      0.0000000000      0.0000000000      0.0000000000      0.0000000000      0.0000000000      0.0000000000      0.0000000000
     -2.2350000000      0.0000000000      0.0000000000      0.0000000000      0.0000000000      0.0000000000      0.0000000000      0.0000000000      0.0000000000      0.0000000000      0.0000000000      0.0000000000
     -2.2150000000      0.0000000000      0.0000000000      0.0000000000      0.0000000000      0.0000000000      0.0000000000      0.0000000000      0.0000000000      0.0000000000      0.0000000000      0.0000000000
     -2.1950000000      0.0000000000      0.0000000000      0.0000000000      0.0000000000      0.0000000000      0.0000000000      0.0000000000      0.0000000000      0.0000000000      0.0000000000      0.0000000000
     -2.1750000000      0.0000000000      0.0000000000      0.0000000000      0.0000000000      0.0000000000      0.0000000000      0.0000000000      0.0000000000      0.0000000000      0.0000000000      0.0000000000
     -2.1550000000      0.0000000000      0.0000000000      0.0000000000      0.0000000000      0.0000000000      0.0000000000      0.0000000000      0.0000000000      0.0000000000      0.0000000000      0.0000000000
     -2.1350000000      0.0000000000      0.0000000000      0.0000000000      0.0000000000      0.0000000000      0.0000000000      0.0000000000      0.0000000000      0.0000000000      0.0000000000      0.0000000000
     -2.1150000000      0.0000000000      0.0000000000      0.0000000000      0.0000000000      0.0000000000      0.0000000000      0.0000000000      0.0000000000      0.0000000000      0.0000000000      0.0000000000
     -2.0950000000      0.0000000000      0.0000000000      0.0000000000      0.0000000000      0.0000000000      0.0000000000      0.0000000000      0.0000000000      0.0000000000      0.0000000000      0.0000000000
     -2.0750000000      0.0000000000      0.0000000000      0.0000000000      0.0000000000      0.0000000000      0.0000000000      0.0000000000      0.0000000000      0.0000000000      0.0000000000      0.0000000000
     -2.0550000000      0.0000000000      0.0000000000      0.0000000000      0.0000000000      0.0000000000      0.0000000000      0.0000000000      0.0000000000      0.0000000000      0.0000000000      0.0000000000
     -2.0350000000      0.0000000000      0.0000000000      0.0000000000      0.0000000000      0.0000000000      0.0000000000      0.0000000000      0.0000000000      0.0000000000      0.0000000000      0.0000000000
     -2.0150000000      0.0000000000      0.0000000000      0.0000000000      0.0000000000      0.0000000000      0.0000000000      0.0000000000      0.0000000000      0.0000000000      0.0000000000      0.0000000000
     -1.9950000000      0.0000000000      0.0000000000      0.0000000000      0.0000000000      0.0000000000      0.0000000000      0.0000000000      0.0000000000      0.0000000000      0.0000000000      0.0000000000
     -1.9750000000      0.0000000000      0.0000000000      0.0000000000      0.0000000000      0.0000000000      0.0000000000      0.0000000000      0.0000000000      0.0000000000      0.0000000000      0.0000000000
     -1.9550000000      0.0000000000      0.0000000000      0.0000000000      0.0000000000      0.0000000000      0.0000000000      0.0000000000      0.0000000000      0.0000000000      0.0000000000      0.0000000000
     -1.9350000000      0.0000000000      0.0000000000      0.0000000000      0.0000000000      0.0000000000      0.0000000000      0.0000000000      0.0000000000      0.0000000000      0.0000000000      0.0000000000
     -1.9150000000      0.0000000000      0.0000000000      0.0000000000      0.0000000000      0.0000000000      0.0000000000      0.0000000000      0.0000000000      0.0000000000      0.0000000000      0.0000000000
     -1.8950000000      0.0000000000      0.0000000000      0.0000000000      0.0000000000      0.0000000000      0.0000000000      0.0000000000      0.0000000000      0.0000000000      0.0000000000      0.0000000000
     -1.8750000000      0.0000000000      0.0000000000      0.0000000000      0.0000000000      0.0000000000      0.0000000000      0.0000000000      0.0000000000      0.0000000000      0.0000000000      0.0000000000
     -1.8550000000      0.0000000000      0.0000000000      0.0000000000      0.0000000000      0.0000000000      0.0000000000      0.0000000000      0.0000000000      0.0000000000      0.0000000000      0.0000000000
     -1.8350000000      0.0000000000      0.0000000000      0.0000000000      0.0000000000      0.0000000000      0.0000000000      0.0000000000      0.0000000000      0.0000000000      0.0000000000      0.0000000000
     -1.8150000000      0.0000000000      0.0000000000      0.0000000000      0.0000000000      0.0000000000      0.0000000000      0.0000000000      0.0000000000      0.0000000000      0.0000000000      0.0000000000
     -1.7950000000      0.0000000000      0.0000000000      0.0000000000      0.0000000000      0.0000000000      0.0000000000      0.0000000000      0.0000000000      0.0000000000      0.0000000000      0.0000000000
     -1.7750000000      0.0000000000      0.0000000000      0.0000000000      0.0000000000      0.0000000000      0.0000000000      0.0000000000      0.0000000000      0.0000000000      0.0000000000      0.0000000000
     -1.7550000000      0.0000000000      0.0000000000      0.0000000000      0.0000000000      0.0000000000      0.0000000000      0.0000000000      0.0000000000      0.0000000000      0.0000000000      0.0000000000
     -1.7350000000      0.0000000000      0.0000000000      0.0000000000      0.0000000000      0.0000000000      0.0000000000      0.0000000000      0.0000000000      0.0000000000      0.0000000000      0.0000000000
     -1.7150000000      0.0000000000      0.0000000000      0.0000000000      0.0000000000      0.0000000000      0.0000000000      0.0000000000      0.0000000000      0.0000000000      0.0000000000      0.0000000000
     -1.6950000000      0.0000000000      0.0000000000      0.0000000000      0.0000000000      0.0000000000      0.0000000000      0.0000000000      0.0000000000      0.0000000000      0.0000000000      0.0000000000
     -1.6750000000      0.0000000000      0.0000000000      0.0000000000      0.0000000000      0.0000000000      0.0000000000      0.0000000000      0.0000000000      0.0000000000      0.0000000000      0.0000000000
     -1.6550000000      0.0000000000      0.0000000000      0.0000000000      0.0000000000      0.0000000000      0.0000000000      0.0000000000      0.0000000000      0.0000000000      0.0000000000      0.0000000000
     -1.6350000000      0.0000000000      0.0000000000      0.0000000000      0.0000000000      0.0000000000      0.0000000000      0.0000000000      0.0000000000      0.0000000000      0.0000000000      0.0000000000
     -1.6150000000      0.0000000000      0.0000000000      0.0000000000      0.0000000000      0.0000000000      0.0000000000      0.0000000000      0.0000000000      0.0000000000      0.0000000000      0.0000000000
     -1.5950000000      0.0000000000      0.0000000000      0.0000000000      0.0000000000      0.0000000000      0.0000000000      0.0000000000      0.0000000000      0.0000000000      0.0000000000      0.0000000000
     -1.5750000000      0.0000000000      0.0000000000      0.0000000000      0.0000000000      0.0000000000      0.0000000000      0.0000000000      0.0000000000      0.0000000000      0.0000000000      0.0000000000
     -1.5550000000      0.0000000000      0.0000000000      0.0000000000      0.0000000000      0.0000000000      0.0000000000      0.0000000000      0.0000000000      0.0000000000      0.0000000000      0.0000000000
     -1.5350000000      0.0000000000      0.0000000000      0.0000000000      0.0000000000      0.0000000000      0.0000000000      0.0000000000      0.0000000000      0.0000000000      0.0000000000      0.0000000000
     -1.5150000000      0.0000000000      0.0000000000      0.0000000000      0.0000000000      0.0000000000      0.0000000000      0.0000000000      0.0000000000      0.0000000000      0.0000000000      0.0000000000
     -1.4950000000      0.0000000000      0.0000000000      0.0000000000      0.0000000000      0.0000000000      0.0000000000      0.0000000000      0.0000000000      0.0000000000      0.0000000000      0.0000000000
     -1.4750000000      0.0000000000      0.0000000000      0.0000000000      0.0000000000      0.0000000000      0.0000000000      0.0000000000      0.0000000000      0.0000000000      0.0000000000      0.0000000000
     -1.4550000000      0.0000000000      0.0000000000      0.0000000000      0.0000000000      0.0000000000      0.0000000000      0.0000000000      0.0000000000      0.0000000000      0.0000000000      0.0000000000
     -1.4350000000      0.0000000000      0.0000000000      0.0000000000      0.0000000000      0.0000000000      0.0000000000      0.0000000000      0.0000000000      0.0000000000      0.0000000000      0.0000000000
     -1.4150000000      0.0000000000      0.0000000000      0.0000000000      0.0000000000      0.0000000000      0.0000000000      0.0000000000      0.0000000000      0.0000000000      0.0000000000      0.0000000000
     -1.3950000000      0.0000000000      0.0000000000      0.0000000000      0.0000000000      0.0000000000      0.0000000000      0.0000000000      0.0000000000      0.0000000000      0.0000000000      0.0000000000
     -1.3750000000      0.0000000000      0.0000000000      0.0000000000      0.0000000000      0.0000000000      0.0000000000      0.0000000000      0.0000000000      0.0000000000      0.0000000000      0.0000000000
     -1.3550000000      0.0000000000      0.0000000000      0.0000000000      0.0000000000      0.0000000000      0.0000000000      0.0000000000      0.0000000000      0.0000000000      0.0000000000      0.0000000000
     -1.3350000000      0.0000000000      0.0000000000      0.0000000000      0.0000000000      0.0000000000      0.0000000000      0.0000000000      0.0000000000      0.0000000000      0.0000000000      0.0000000000
     -1.3150000000      0.0000000000      0.0000000000      0.0000000000      0.0000000000      0.0000000000      0.0000000000      0.0000000000      0.0000000000      0.0000000000      0.0000000001      0.0000000002
     -1.2950000000      0.0000000000      0.0000000000      0.0000000000      0.0000000000      0.0000000000      0.0000000000      0.0000000000      0.0000000000      0.0000000001      0.0000000004      0.0000000008
     -1.2750000000      0.0000000000      0.0000000000      0.0000000000      0.0000000000      0.0000000000      0.0000000000      0.0000000000      0.0000000001      0.0000000006      0.0000000018      0.0000000030
     -1.2550000000      0.0000000000      0.0000000000      0.0000000000      0.0000000000      0.0000000000      0.0000000000      0.0000000000      0.0000000008      0.0000000037      0.0000000075      0.0000000097
     -1.2350000000      0.0000000000      0.0000000000      0.0000000000      0.0000000000      0.0000000000      0.0000000000      0.0000000007      0.0000000069      0.0000000185      0.0000000271      0.0000000282
     -1.2150000000      0.0000000000      0.0000000000      0.0000000000      0.0000000000      0.0000000000      0.0000000002      0.0000000102      0.0000000417      0.0000000752      0.0000000860      0.0000000753
     -1.1950000000      0.0000000000      0.0000000000      0.0000000000      0.0000000000      0.0000000000      0.0000000094      0.0000000844      0.0000001974      0.0000002594      0.0000002434      0.0000001865
     -1.1750000000      0.0000000000      0.0000000000      0.0000000000      0.0000000000      0.0000000024      0.0000001318      0.0000004966      0.0000007729      0.0000007896      0.0000006319      0.0000004326
     -1.1550000000      0.0000000000      0.0000000000      0.0000000000      0.0000000000      0.0000001210      0.0000010652      0.0000022653      0.0000025885      0.0000021692      0.0000015216      0.0000009463
     -1.1350000000      0.0000000000      0.0000000000      0.0000000000      0.0000000201      0.0000017297      0.0000060981      0.0000084705      0.0000075990      0.0000054499      0.0000034216      0.0000019585
     -1.1150000000      0.0000000000      0.0000000000      0.0000000000      0.0000013599      0.0000140365      0.0000267352      0.0000268330      0.0000199659      0.0000126388      0.0000072407      0.0000038660
     -1.0950000000      0.0000000000      0.0000000000      0.0000001085      0.0000223569      0.0000768508      0.0000926878      0.0000735218      0.0000474186      0.0000271784      0.0000144757      0.0000073262
     -1.0750000000      0.0000000000      0.0000000001      0.0000137405      0.0001800370      0.0002927002      0.0002595167      0.0001754178      0.0001020124      0.0000544048      0.0000275058      0.0000132170
     -1.0550000000      0.0000000000      0.0000001792      0.0002700971      0.0007732953      0.0008177445      0.0006029360      0.0003676100      0.0002000430      0.0001019691      0.0000492967      0.0000229009
     -1.0350000000      0.0000000000      0.0001220126      0.0015655312      0.0021722253      0.0018180020      0.0012024800      0.0006893272      0.0003613885      0.0001786916      0.0000839654      0.0000381103
     -1.0150000000      0.0000000000      0.0022596928      0.0048542740      0.0047252222      0.0034444992      0.0021328528      0.0011808275      0.0006067393      0.0002938085      0.0001362560      0.0000615116
     -0.9950000000      0.0061603199      0.0102635864      0.0109425914      0.0087103050      0.0058350288      0.0034608764      0.0018798309      0.0009564452      0.0004597991      0.0002128300      0.0000947270
     -0.9750000000      0.0307939998      0.0255155043      0.0202358862      0.0143677969      0.0090972931      0.0052513984      0.0028215218      0.0014276375      0.0006861497      0.0003198311      0.0001416523
     -0.9550000000      0.0553972898      0.0465880067      0.0329601188      0.0219160063      0.0134022923      0.0075790836      0.0040390457      0.0020423030      0.0009849638      0.0004591504      0.0002044163
     -0.9350000000      0.0799459094      0.0704763376      0.0490361155      0.0315059959      0.0188080050      0.0105056129      0.0055658659      0.0028134157      0.0013762886      0.0006435765      0.0002902794
     -0.9150000000      0.1044156320      0.0946722748      0.0681010408      0.0432449865      0.0254957985      0.0141104111      0.0074366823      0.0037601336      0.0018522786      0.0008695753      0.0003944039
     -0.8950000000      0.1287823090      0.1187651366      0.0894648962      0.0571680307      0.0335398035      0.0184600686      0.0096852870      0.0049246657      0.0024266599      0.0011596936      0.0005312045
     -0.8750000000      0.1530218934      0.1428355456      0.1122473432      0.0732072861      0.0430620526      0.0236277047      0.0123687005      0.0063043020      0.0031194236      0.0015054627      0.0006892136
     -0.8550000000      0.1771104636      0.1668587492      0.1356194364      0.0912263078      0.0541116685      0.0296728998      0.0155434073      0.0078879535      0.0039022333      0.0018934433      0.0008909359
     -0.8350000000      0.2010242472      0.1907984001      0.1591781677      0.1110039724      0.0667470133      0.0367196492      0.0191888548      0.0097661538      0.0048766937      0.0023846700      0.0011279637
     -0.8150000000      0.2247396442      0.2146234285      0.1828691926      0.1322388154      0.0810038239      0.0448223441      0.0233993492      0.0118914366      0.0059824510      0.0029029168      0.0013805548
     -0.7950000000      0.2482332502      0.2383038892      0.2066855751      0.1545576140      0.0968697173      0.0540349402      0.0281915053      0.0142899340      0.0071429131      0.0035391052      0.0017039900
     -0.7750000000      0.2714818801      0.2618107774      0.2305847789      0.1776208088      0.1143336844      0.0644286598      0.0337180685      0.0171349912      0.0085822511      0.0042738030      0.0020468551
     -0.7550000000      0.2944625900      0.2851158551      0.2545212576      0.2011842954      0.1333080416      0.0761233261      0.0399225907      0.0202173697      0.0101313863      0.0050232095      0.0024510891
     -0.7350000000      0.3171527010      0.3081916495      0.2784542824      0.2251510427      0.1536864368      0.0891140224      0.0469134688      0.0237193945      0.0118268347      0.0058971898      0.0028861335
     -0.7150000000      0.3395298205      0.3310111357      0.3023436873      0.2494942875      0.1753579563      0.1034924903      0.0547115392      0.0276458348      0.0138720749      0.0068576468      0.0033734017
     -0.6950000000      0.3615718651      0.3535477128      0.3261507242      0.2741795120      0.1981493810      0.1192775745      0.0634896489      0.0319683213      0.0159609138      0.0079657289      0.0039188345
     -0.6750000000      0.3832570819      0.3757752749      0.3498369344      0.2991598225      0.2219207414      0.1365052567      0.0731973347      0.0369265275      0.0182976986      0.0091554264      0.0044809283
     -0.6550000000      0.4045640702      0.3976683180      0.3733649474      0.3243866208      0.2465487393      0.1552134098      0.0839389132      0.0422342466      0.0209902747      0.0104086311      0.0051474897
     -0.6350000000      0.4254718026      0.4192014044      0.3966970819      0.3498125497      0.2719725376      0.1753912859      0.0958115636      0.0482463016      0.0237620383      0.0118346622      0.0058693330
     -0.6150000000      0.4459596458      0.4403496576      0.4197951565      0.3753899186      0.2981725248      0.1970447663      0.1088745896      0.0547571876      0.0269880381      0.0133339889      0.0066204995
     -0.5950000000      0.4660073806      0.4610900933      0.4426240760      0.4010690758      0.3251332387      0.2201478699      0.1232252003      0.0620874173      0.0305130402      0.0149608456      0.0073763303
     -0.5750000000      0.4855952223      0.4813968231      0.4651482270      0.4268008305      0.3528298362      0.2447016934      0.1389261435      0.0700140831      0.0341193592      0.0167554159      0.0082686649
     -0.5550000000      0.5047038403      0.5012475323      0.4873237504      0.4525283140      0.3812295138      0.2706882315      0.1560832578      0.0787615669      0.0383270707      0.0187167913      0.0091995042
     -0.5350000000      0.5233143764      0.5206204079      0.5091252700      0.4782019123      0.4102956810      0.2981108566      0.1747726605      0.0884064106      0.0427372292      0.0207845680      0.0101792641
     -0.5150000000      0.5414084645      0.5394905977      0.5305086368      0.5037639530      0.4399867334      0.3270022934      0.1950999850      0.0988967498      0.0474919691      0.0230400842      0.0111974236
     -0.4950000000      0.5589682478      0.5578368906      0.5514376696      0.5291557385      0.4702564354      0.3574253998      0.2171787958      0.1104370238      0.0529103524      0.0253548527      0.0122550765
     -0.4750000000      0.5759763969      0.5756414317      0.5718862742      0.5543184743      0.5010568544      0.3894487998      0.2411166191      0.1230771083      0.0585356854      0.0278644232      0.0134432688
     -0.4550000000      0.5924161268      0.5928792213      0.5918043926      0.5791911481      0.5323105073      0.4231440267      0.2670960497      0.1368728182      0.0646900930      0.0307101916      0.0147219138
     -0.4350000000      0.6082712135      0.6095278421      0.6111630954      0.6037078796      0.5639569459      0.4585796669      0.2952644836      0.1519923550      0.0714329984      0.0336142121      0.0160133807
     -0.4150000000      0.6235260100      0.6255781603      0.6299358827      0.6278006203      0.5959185341      0.4958219195      0.3258369573      0.1685823898      0.0785812553      0.0365968589      0.0186954631
     -0.3950000000      0.6381654616      0.6409988851      0.6480861876      0.6514033380      0.6281001658      0.5349316314      0.3590797282      0.1867486231      0.0863863695      0.0398134519      0.0670520230
     -0.3750000000      0.6521751209      0.6557818445      0.6655723468      0.6744493694      0.6603887610      0.5759620534      0.3953095022      0.2067114349      0.0948320445      0.0432652222      0.2225967795
     -0.3550000000      0.6655411622      0.6699014181      0.6823599236      0.6968684015      0.6926716518      0.6189810525      0.4349504760      0.2286898163      0.1039748084      0.0468045447      0.4865006897
     -0.3350000000      0.6782503946      0.6833487722      0.6984250086      0.7185869192      0.7248207769      0.6639597642      0.4785019679      0.2529998949      0.1138598031      0.0505184492      0.8054675731
     -0.3150000000      0.6902902758      0.6961007889      0.7137485366      0.7395340374      0.7566846787      0.7108779269      0.5265806968      0.2799931205      0.1245226162      0.0548805994      1.0811209082
     -0.2950000000      0.7016489238      0.7081480258      0.7282823994      0.7596417225      0.7880995751      0.7596912265      0.5799393473      0.3101591045      0.1360420870      0.0791368361      1.2824183106
     -0.2750000000      0.7123151291      0.7194717926      0.7419954497      0.7788354767      0.8188902127      0.8103477823      0.6395027648      0.3442465511      0.1485393701      0.2151668229      1.3752490646
     -0.2550000000      0.7222783653      0.7300616819      0.7548802403      0.7970434496      0.8488673409      0.8626192411      0.7063954731      0.3831377632      0.1620590783      0.4918132950      1.3750435555
     -0.2350000000      0.7315288000      0.7399014957      0.7669020253      0.8141869558      0.8778239904      0.9162105599      0.7819343595      0.4282553357      0.1767122736      0.8795299734      1.3464526837
     -0.2150000000      0.7400573040      0.7489817262      0.7780186177      0.8302144042      0.9055438380      0.9707069847      0.8681126600      0.4818026585      0.1936889842      1.3069048084      1.3221825216
     -0.1950000000      0.7478554609      0.7572914252      0.7882425409      0.8450529477      0.9318086226      1.0256743122      0.9661510773      0.5474567712      0.2737512453      1.6759614979      1.3177918236
     -0.1750000000      0.7549155747      0.7648200816      0.7975218765      0.8586527767      0.9563996425      1.0805418039      1.0793530683      0.6326740874      0.5246484050      1.9520378255      1.3356836066
     -0.1550000000      0.7612306780      0.7715605583      0.8058490122      0.8709252546      0.9791931229      1.1343199760      1.2095257531      0.7648175774      0.9378394794      2.1132247296      1.3718574446
     -0.1350000000      0.7667945385      0.7775018585      0.8132149252      0.8818703880      0.9999337927      1.1859369081      1.3545666517      1.0583209698      1.4657549170      2.1709049740      1.4205116613
     -0.1150000000      0.7716016654      0.7826364655      0.8195841712      0.8914421694      1.0182728717      1.2341197475      1.5108057205      1.5134233156      2.0428209325      2.1795010301      1.4756444867
     -0.0950000000      0.7756473145      0.7869582486      0.8249720455      0.8996507883      1.0341136117      1.2775132154      1.6721374873      2.0375611143      2.6008259220      2.1678677699      1.5319346709
     -0.0750000000      0.7789274935      0.7904633411      0.8293640138      0.9062803187      1.0471863644      1.3148571351      1.8279877853      2.5788739404      3.0816658785      2.1564478958      1.5846891194
     -0.0550000000      0.7814389650      0.7931536075      0.8327827751      0.9113750453      1.0573722078      1.3449026624      1.9653231232      3.0866488497      3.4662524752      2.1523036036      1.6298530547
     -0.0350000000      0.7831792506      0.7950171102      0.8351440151      0.9150543635      1.0644765219      1.3665032979      2.0711350113      3.4967609183      3.7129397367      2.1543899094      1.6638951464
     -0.0150000000      0.7841466329      0.7960908250      0.8364410408      0.9169177436      1.0684780349      1.3789148556      2.1344585325      3.7411731635      3.8467862579      2.1578654333      1.6838835029
      0.0050000000      0.7843401571      0.7963046232      0.8367150292      0.9174492605      1.0693118178      1.3814371670      2.1475155377      3.7823636736      3.8746152699      2.1592235683      1.6880565644
      0.0250000000      0.7837596322      0.7956624201      0.8359450236      0.9161774252      1.0668578077      1.3739117219      2.1086970055      3.6441176553      3.7936556501      2.1561105127      1.6758387294
      0.0450000000      0.7824056313      0.7941840197      0.8340909505      0.9134167173      1.0612757709      1.3568070750      2.0229086453      3.3082339546      3.6059290378      2.1527914054      1.6484511714
      0.0650000000      0.7802794904      0.7919115148      0.8312091777      0.9090350045      1.0526222705      1.3308703109      1.8998157660      2.8404134979      3.2871097387      2.1534485215      1.6084490489
      0.0850000000      0.7773833079      0.7888132159      0.8272841772      0.9031458408      1.0410455967      1.2970363956      1.7515350657      2.3089993039      2.8539476281      2.1613964237      1.5590773961
      0.1050000000      0.7737199419      0.7848995353      0.8224056615      0.8957305615      1.0264874423      1.2564938342      1.5914136921      1.7710573192      2.3280165454      2.1746115181      1.5039759560
      0.1250000000      0.7692930077      0.7801708369      0.8165245766      0.8868308487      1.0093875520      1.2105618610      1.4315703243      1.2719842624      1.7528059335      2.1793829409      1.4475833493
      0.1450000000      0.7641068742      0.7746307421      0.8096499618      0.8765654237      0.9898371018      1.1604578424      1.2803862365      0.8859035732      1.1912365483      2.1505547566      1.3950777324
      0.1650000000      0.7581666595      0.7682895531      0.8018112651      0.8649505148      0.9680428918      1.1076481444      1.1424139767      0.6884298532      0.7133410493      2.0506508120      1.3517908118
      0.1850000000      0.7514782258      0.7611546425      0.7929928371      0.8520043067      0.9443233251      1.0531712251      1.0204933126      0.5868339770      0.3769844257      1.8235230338      1.3240299030
      0.2050000000      0.7440481739      0.7532335388      0.7832504078      0.8377940886      0.9188757670      0.9981592966      0.9157674195      0.5127904408      0.2151092147      1.5041614675      1.3169930199
      0.2250000000      0.7358838362      0.7445374722      0.7725737953      0.8223485884      0.8918645138      0.9433737165      0.8235244051      0.4537897013      0.1847169459      1.0942767503      1.3323213929
      0.2450000000      0.7269932700      0.7350745689      0.7609951504      0.8057457747      0.8634946013      0.8892725916      0.7429882345      0.4048020201      0.1692888022      0.6753051514      1.3617402642
      0.2650000000      0.7173852492      0.7248591533      0.7485518551      0.7880587179      0.8340015480      0.8362975173      0.6719555900      0.3630092574      0.1551529423      0.3365652628      1.3817152554
      0.2850000000      0.7070692558      0.7139013895      0.7352411394      0.7693571173      0.8035888369      0.7848032533      0.6088799503      0.3266668731      0.1421778538      0.1299014795      1.3456401569
      0.3050000000      0.6960554704      0.7022143622      0.7211065954      0.7497043878      0.7724587043      0.7350424504      0.5525466829      0.2946332518      0.1301969730      0.0589113799      1.1892689153
      0.3250000000      0.6843547623      0.6898138421      0.7061881443      0.7291690145      0.7407946617      0.6871828368      0.5019319987      0.2661144485      0.1190960625      0.0526439877      0.9544048004
      0.3450000000      0.6719786787      0.6767120743      0.6904939338      0.7078261136      0.7087719013      0.6412303896      0.4562012791      0.2405151194      0.1088457177      0.0488120272      0.6449356643
      0.3650000000      0.6589394333      0.6629272207      0.6740492523      0.6857471981      0.6765385915      0.5972189567      0.4146770849      0.2174148109      0.0993809272      0.0450342886      0.3426767956
      0.3850000000      0.6452498941      0.6484727178      0.6569041179      0.6630050969      0.6442378935      0.5552031492      0.3767957038      0.1964824463      0.0906027557      0.0414313425      0.1304449823
      0.4050000000      0.6309235713      0.6333695773      0.6390915004      0.6396689927      0.6119887242      0.5151399348      0.3421023959      0.1774470263      0.0824542489      0.0380279957      0.0313078124
      0.4250000000      0.6159746030      0.6176319769      0.6206326975      0.6158086476      0.5799040367      0.4769709710      0.3102398357      0.1601145502      0.0749461217      0.0349392897      0.0166795561
      0.4450000000      0.6004177422      0.6012775931      0.6015604173      0.5914953412      0.5480886192      0.4406400990      0.2809015175      0.1443043864      0.0679647150      0.0320354640      0.0152412859
      0.4650000000      0.5842683416      0.5843316978      0.5819086758      0.5667944265      0.5166316057      0.4060831096      0.2538551776      0.1298246848      0.0614685545      0.0292051322      0.0140360270
      0.4850000000      0.5675423386      0.5668091195      0.5617239748      0.5417690929      0.4855940924      0.3732325231      0.2289047087      0.1166074512      0.0556471083      0.0264925016      0.0128285188
      0.5050000000      0.5502562399      0.5487309812      0.5410342987      0.5164831555      0.4550522307      0.3420183774      0.2059212098      0.1045645879      0.0501730545      0.0241424175      0.0117251663
      0.5250000000      0.5324271047      0.5301192475      0.5198689262      0.4909977880      0.4250658557      0.3123696371      0.1847333275      0.0935201215      0.0450416806      0.0218452746      0.0106986611
      0.5450000000      0.5140725282      0.5109953127      0.4982762765      0.4653731236      0.3956817859      0.2842167606      0.1652411024      0.0834442649      0.0405378224      0.0197057776      0.0096880330
      0.5650000000      0.4952106242      0.4913809245      0.4762815336      0.4396679160      0.3669439764      0.2575213986      0.1473334246      0.0743203793      0.0361504801      0.0177335518      0.0087257611
      0.5850000000      0.4758600071      0.4712988667      0.4539252083      0.4139314073      0.3388914837      0.2322504955      0.1309215611      0.0658932375      0.0322229793      0.0158514749      0.0077992026
      0.6050000000      0.4560397737      0.4507723493      0.4312466599      0.3882199259      0.3115590769      0.2084139931      0.1158934399      0.0583516065      0.0286873399      0.0141946866      0.0069494711
      0.6250000000      0.4357694840      0.4298252009      0.4082769627      0.3625853501      0.2849762180      0.1860372443      0.1022016198      0.0514143506      0.0253057421      0.0126022108      0.0062091654
      0.6450000000      0.4150691425      0.4084813285      0.3850579939      0.3370776840      0.2591631568      0.1651254374      0.0897288907      0.0451675771      0.0224145494      0.0110916509      0.0054883464
      0.6650000000      0.3939591778      0.3867649399      0.3616230789      0.3117454159      0.2341331423      0.1456841223      0.0784163847      0.0394665845      0.0196518065      0.0097319950      0.0048081512
      0.6850000000      0.3724604230      0.3647017526      0.3380112852      0.2866358461      0.2099240231      0.1277101502      0.0681759071      0.0343924794      0.0170741918      0.0085169151      0.0042213551
      0.7050000000      0.3505940947      0.3423163933      0.3142599093      0.2617969669      0.1866261275      0.1112031827      0.0589916607      0.0297287709      0.0149025677      0.0074074789      0.0036535865
      0.7250000000      0.3283817724      0.3196351030      0.2904068944      0.2372773427      0.1643780830      0.0961139758      0.0507155933      0.0256509779      0.0128106648      0.0064070527      0.0031158961
      0.7450000000      0.3058453769      0.2966841843      0.2664906771      0.2131191608      0.1433310322      0.0824477310      0.0433001050      0.0218450055      0.0109439948      0.0054588624      0.0026580555
      0.7650000000      0.2830071489      0.2734902980      0.2425510130      0.1893493337      0.1236304188      0.0701188997      0.0367376482      0.0186117732      0.0093788371      0.0046156652      0.0022373270
      0.7850000000      0.2598896271      0.2500807652      0.2186278454      0.1660154006      0.1054115684      0.0590978754      0.0308763278      0.0156731180      0.0078328193      0.0038844757      0.0018775132
      0.8050000000      0.2365156256      0.2264835350      0.1947639430      0.1432859056      0.0887398064      0.0492685835      0.0257451567      0.0130680681      0.0065226183      0.0032000926      0.0015416688
      0.8250000000      0.2129082117      0.2027271301      0.1710065275      0.1214607052      0.0736687268      0.0406259953      0.0212031150      0.0108055497      0.0054092012      0.0026567473      0.0012417224
      0.8450000000      0.1890906831      0.1788409981      0.1473827800      0.1009130861      0.0602299110      0.0330863209      0.0172871269      0.0087715319      0.0043678311      0.0021359140      0.0010053299
      0.8650000000      0.1650865448      0.1548555408      0.1238974983      0.0819804027      0.0483855252      0.0265271729      0.0139047113      0.0070587041      0.0035149903      0.0016818846      0.0007818069
      0.8850000000      0.1409194861      0.1308035513      0.1007389674      0.0649300781      0.0381134366      0.0209320916      0.0109875913      0.0055898911      0.0027648783      0.0013233730      0.0006108694
      0.9050000000      0.1166133568      0.1067234660      0.0785467997      0.0499371823      0.0293442161      0.0161842159      0.0085269118      0.0043224884      0.0021135386      0.0010053157      0.0004592451
      0.9250000000      0.0921921442      0.0825922032      0.0582323557      0.0371012061      0.0219919030      0.0122301643      0.0064602655      0.0032774932      0.0015965511      0.0007550130      0.0003383182
      0.9450000000      0.0676799491      0.0583959604      0.0405799442      0.0264496158      0.0159517209      0.0089730715      0.0047500320      0.0024107693      0.0011702509      0.0005466195      0.0002446670
      0.9650000000      0.0431009621      0.0354824711      0.0261792204      0.0178896451      0.0111114145      0.0063513437      0.0033828992      0.0017105600      0.0008302560      0.0003829729      0.0001714599
      0.9850000000      0.0184794396      0.0170783887      0.0151768463      0.0113192703      0.0073461697      0.0042926779      0.0023108024      0.0011688573      0.0005676482      0.0002616707      0.0001166596
      1.0050000000      0.0000000000      0.0052884797      0.0075132651      0.0065222801      0.0045331564      0.0027357485      0.0014979777      0.0007627119      0.0003697275      0.0001714204      0.0000763036
      1.0250000000      0.0000000000      0.0007002218      0.0029036525      0.0032870644      0.0025460113      0.0016167638      0.0009096405      0.0004705930      0.0002295431      0.0001081895      0.0000486298
      1.0450000000      0.0000000000      0.0000081954      0.0007259016      0.0013502888      0.0012492359      0.0008646320      0.0005092690      0.0002714261      0.0001353138      0.0000646078      0.0000298155
      1.0650000000      0.0000000000      0.0000000034      0.0000729628      0.0003980948      0.0005075022      0.0004042896      0.0002577215      0.0001447676      0.0000749863      0.0000369023      0.0000175153
      1.0850000000      0.0000000000      0.0000000000      0.0000017427      0.0000688766      0.0001574849      0.0001592155      0.0001154439      0.0000705350      0.0000388897      0.0000200542      0.0000098619
      1.1050000000      0.0000000000      0.0000000000      0.0000000019      0.0000061405      0.0000345999      0.0000512909      0.0000451906      0.0000311745      0.0000187557      0.0000103395      0.0000053472
      1.1250000000      0.0000000000      0.0000000000      0.0000000000      0.0000002122      0.0000051923      0.0000131798      0.0000153374      0.0000124687      0.0000083889      0.0000050249      0.0000027763
      1.1450000000      0.0000000000      0.0000000000      0.0000000000      0.0000000006      0.0000005050      0.0000026476      0.0000044488      0.0000044933      0.0000034768      0.0000022994      0.0000013691
      1.1650000000      0.0000000000      0.0000000000      0.0000000000      0.0000000000      0.0000000204      0.0000003940      0.0000010773      0.0000014447      0.0000013272      0.0000009885      0.0000006434
      1.1850000000      0.0000000000      0.0000000000      0.0000000000      0.0000000000      0.0000000001      0.0000000392      0.0000002090      0.0000004035      0.0000004604      0.0000003960      0.0000002862
      1.2050000000      0.0000000000      0.0000000000      0.0000000000      0.0000000000      0.0000000000      0.0000000018      0.0000000302      0.0000000941      0.0000001413      0.0000001460      0.0000001196
      1.2250000000      0.0000000000      0.0000000000      0.0000000000      0.0000000000      0.0000000000      0.0000000000      0.0000000030      0.0000000174      0.0000000377      0.0000000489      0.0000000466
      1.2450000000      0.0000000000      0.0000000000      0.0000000000      0.0000000000      0.0000000000      0.0000000000      0.0000000001      0.0000000024      0.0000000086      0.0000000147      0.0000000167
      1.2650000000      0.0000000000      0.0000000000      0.0000000000      0.0000000000      0.0000000000      0.0000000000      0.0000000000      0.0000000002      0.0000000016      0.0000000038      0.0000000054
      1.2850000000      0.0000000000      0.0000000000      0.0000000000      0.0000000000      0.0000000000      0.0000000000      0.0000000000      0.0000000000      0.0000000002      0.0000000008      0.0000000016
      1.3050000000      0.0000000000      0.0000000000      0.0000000000      0.0000000000      0.0000000000      0.0000000000      0.0000000000      0.0000000000      0.0000000000      0.0000000001      0.0000000004
      1.3250000000      0.0000000000      0.0000000000      0.0000000000      0.0000000000      0.0000000000      0.0000000000      0.0000000000      0.0000000000      0.0000000000      0.0000000000      0.0000000001
      1.3450000000      0.0000000000      0.0000000000      0.0000000000      0.0000000000      0.0000000000      0.0000000000      0.0000000000      0.0000000000      0.0000000000      0.0000000000      0.0000000000
      1.3650000000      0.0000000000      0.0000000000      0.0000000000      0.0000000000      0.0000000000      0.0000000000      0.0000000000      0.0000000000      0.0000000000      0.0000000000      0.0000000000
      1.3850000000      0.0000000000      0.0000000000      0.0000000000      0.0000000000      0.0000000000      0.0000000000      0.0000000000      0.0000000000      0.0000000000      0.0000000000      0.0000000000
      1.4050000000      0.0000000000      0.0000000000      0.0000000000      0.0000000000      0.0000000000      0.0000000000      0.0000000000      0.0000000000      0.0000000000      0.0000000000      0.0000000000
      1.4250000000      0.0000000000      0.0000000000      0.0000000000      0.0000000000      0.0000000000      0.0000000000      0.0000000000      0.0000000000      0.0000000000      0.0000000000      0.0000000000
      1.4450000000      0.0000000000      0.0000000000      0.0000000000      0.0000000000      0.0000000000      0.0000000000      0.0000000000      0.0000000000      0.0000000000      0.0000000000      0.0000000000
      1.4650000000      0.0000000000      0.0000000000      0.0000000000      0.0000000000      0.0000000000      0.0000000000      0.0000000000      0.0000000000      0.0000000000      0.0000000000      0.0000000000
      1.4850000000      0.0000000000      0.0000000000      0.0000000000      0.0000000000      0.0000000000      0.0000000000      0.0000000000      0.0000000000      0.0000000000      0.0000000000      0.0000000000
      1.5050000000      0.0000000000      0.0000000000      0.0000000000      0.0000000000      0.0000000000      0.0000000000      0.0000000000      0.0000000000      0.0000000000      0.0000000000      0.0000000000
      1.5250000000      0.0000000000      0.0000000000      0.0000000000      0.0000000000      0.0000000000      0.0000000000      0.0000000000      0.0000000000      0.0000000000      0.0000000000      0.0000000000
      1.5450000000      0.0000000000      0.0000000000      0.0000000000      0.0000000000      0.0000000000      0.0000000000      0.0000000000      0.0000000000      0.0000000000      0.0000000000      0.0000000000
      1.5650000000      0.0000000000      0.0000000000      0.0000000000      0.0000000000      0.0000000000      0.0000000000      0.0000000000      0.0000000000      0.0000000000      0.0000000000      0.0000000000
      1.5850000000      0.0000000000      0.0000000000      0.0000000000      0.0000000000      0.0000000000      0.0000000000      0.0000000000      0.0000000000      0.0000000000      0.0000000000      0.0000000000
      1.6050000000      0.0000000000      0.0000000000      0.0000000000      0.0000000000      0.0000000000      0.0000000000      0.0000000000      0.0000000000      0.0000000000      0.0000000000      0.0000000000
      1.6250000000      0.0000000000      0.0000000000      0.0000000000      0.0000000000      0.0000000000      0.0000000000      0.0000000000      0.0000000000      0.0000000000      0.0000000000      0.0000000000
      1.6450000000      0.0000000000      0.0000000000      0.0000000000      0.0000000000      0.0000000000      0.0000000000      0.0000000000      0.0000000000      0.0000000000      0.0000000000      0.0000000000
      1.6650000000      0.0000000000      0.0000000000      0.0000000000      0.0000000000      0.0000000000      0.0000000000      0.0000000000      0.0000000000      0.0000000000      0.0000000000      0.0000000000
      1.6850000000      0.0000000000      0.0000000000      0.0000000000      0.0000000000      0.0000000000      0.0000000000      0.0000000000      0.0000000000      0.0000000000      0.0000000000      0.0000000000
      1.7050000000      0.0000000000      0.0000000000      0.0000000000      0.0000000000      0.0000000000      0.0000000000      0.0000000000      0.0000000000      0.0000000000      0.0000000000      0.0000000000
      1.7250000000      0.0000000000      0.0000000000      0.0000000000      0.0000000000      0.0000000000      0.0000000000      0.0000000000      0.0000000000      0.0000000000      0.0000000000      0.0000000000
      1.7450000000      0.0000000000      0.0000000000      0.0000000000      0.0000000000      0.0000000000      0.0000000000      0.0000000000      0.0000000000      0.0000000000      0.0000000000      0.0000000000
      1.7650000000      0.0000000000      0.0000000000      0.0000000000      0.0000000000      0.0000000000      0.0000000000      0.0000000000      0.0000000000      0.0000000000      0.0000000000      0.0000000000
      1.7850000000      0.0000000000      0.0000000000      0.0000000000      0.0000000000      0.0000000000      0.0000000000      0.0000000000      0.0000000000      0.0000000000      0.0000000000      0.0000000000
      1.8050000000      0.0000000000      0.0000000000      0.0000000000      0.0000000000      0.0000000000      0.0000000000      0.0000000000      0.0000000000      0.0000000000      0.0000000000      0.0000000000
      1.8250000000      0.0000000000      0.0000000000      0.0000000000      0.0000000000      0.0000000000      0.0000000000      0.0000000000      0.0000000000      0.0000000000      0.0000000000      0.0000000000
      1.8450000000      0.0000000000      0.0000000000      0.0000000000      0.0000000000      0.0000000000      0.0000000000      0.0000000000      0.0000000000      0.0000000000      0.0000000000      0.0000000000
      1.8650000000      0.0000000000      0.0000000000      0.0000000000      0.0000000000      0.0000000000      0.0000000000      0.0000000000      0.0000000000      0.0000000000      0.0000000000      0.0000000000
      1.8850000000      0.0000000000      0.0000000000      0.0000000000      0.0000000000      0.0000000000      0.0000000000      0.0000000000      0.0000000000      0.0000000000      0.0000000000      0.0000000000
      1.9050000000      0.0000000000      0.0000000000      0.0000000000      0.0000000000      0.0000000000      0.0000000000      0.0000000000      0.0000000000      0.0000000000      0.0000000000      0.0000000000
      1.9250000000      0.0000000000      0.0000000000      0.0000000000      0.0000000000      0.0000000000      0.0000000000      0.0000000000      0.0000000000      0.0000000000      0.0000000000      0.0000000000
      1.9450000000      0.0000000000      0.0000000000      0.0000000000      0.0000000000      0.0000000000      0.0000000000      0.0000000000      0.0000000000      0.0000000000      0.0000000000      0.0000000000
      1.9650000000      0.0000000000      0.0000000000      0.0000000000      0.0000000000      0.0000000000      0.0000000000      0.0000000000      0.0000000000      0.0000000000      0.0000000000      0.0000000000
      1.9850000000      0.0000000000      0.0000000000      0.0000000000      0.0000000000      0.0000000000      0.0000000000      0.0000000000      0.0000000000      0.0000000000      0.0000000000      0.0000000000
      2.0050000000      0.0000000000      0.0000000000      0.0000000000      0.0000000000      0.0000000000      0.0000000000      0.0000000000      0.0000000000      0.0000000000      0.0000000000      0.0000000000
      2.0250000000      0.0000000000      0.0000000000      0.0000000000      0.0000000000      0.0000000000      0.0000000000      0.0000000000      0.0000000000      0.0000000000      0.0000000000      0.0000000000
      2.0450000000      0.0000000000      0.0000000000      0.0000000000      0.0000000000      0.0000000000      0.0000000000      0.0000000000      0.0000000000      0.0000000000      0.0000000000      0.0000000000
      2.0650000000      0.0000000000      0.0000000000      0.0000000000      0.0000000000      0.0000000000      0.0000000000      0.0000000000      0.0000000000      0.0000000000      0.0000000000      0.0000000000
      2.0850000000      0.0000000000      0.0000000000      0.0000000000      0.0000000000      0.0000000000      0.0000000000      0.0000000000      0.0000000000      0.0000000000      0.0000000000      0.0000000000
      2.1050000000      0.0000000000      0.0000000000      0.0000000000      0.0000000000      0.0000000000      0.0000000000      0.0000000000      0.0000000000      0.0000000000      0.0000000000      0.0000000000
      2.1250000000      0.0000000000      0.0000000000      0.0000000000      0.0000000000      0.0000000000      0.0000000000      0.0000000000      0.0000000000      0.0000000000      0.0000000000      0.0000000000
      2.1450000000      0.0000000000      0.0000000000      0.0000000000      0.0000000000      0.0000000000      0.0000000000      0.0000000000      0.0000000000      0.0000000000      0.0000000000      0.0000000000
      2.1650000000      0.0000000000      0.0000000000      0.0000000000      0.0000000000      0.0000000000      0.0000000000      0.0000000000      0.0000000000      0.0000000000      0.0000000000      0.0000000000
      2.1850000000      0.0000000000      0.0000000000      0.0000000000      0.0000000000      0.0000000000      0.0000000000      0.0000000000      0.0000000000      0.0000000000      0.0000000000      0.0000000000
      2.2050000000      0.0000000000      0.0000000000      0.0000000000      0.0000000000      0.0000000000      0.0000000000      0.0000000000      0.0000000000      0.0000000000      0.0000000000      0.0000000000
      2.2250000000      0.0000000000      0.0000000000      0.0000000000      0.0000000000      0.0000000000      0.0000000000      0.0000000000      0.0000000000      0.0000000000      0.0000000000      0.0000000000
      2.2450000000      0.0000000000      0.0000000000      0.0000000000      0.0000000000      0.0000000000      0.0000000000      0.0000000000      0.0000000000      0.0000000000      0.0000000000      0.0000000000
      2.2650000000      0.0000000000      0.0000000000      0.0000000000      0.0000000000      0.0000000000      0.0000000000      0.0000000000      0.0000000000      0.0000000000      0.0000000000      0.0000000000
      2.2850000000      0.0000000000      0.0000000000      0.0000000000      0.0000000000      0.0000000000      0.0000000000      0.0000000000      0.0000000000      0.0000000000      0.0000000000      0.0000000000
      2.3050000000      0.0000000000      0.0000000000      0.0000000000      0.0000000000      0.0000000000      0.0000000000      0.0000000000      0.0000000000      0.0000000000      0.0000000000      0.0000000000
      2.3250000000      0.0000000000      0.0000000000      0.0000000000      0.0000000000      0.0000000000      0.0000000000      0.0000000000      0.0000000000      0.0000000000      0.0000000000      0.0000000000
      2.3450000000      0.0000000000      0.0000000000      0.0000000000      0.0000000000      0.0000000000      0.0000000000      0.0000000000      0.0000000000      0.0000000000      0.0000000000      0.0000000000
      2.3650000000      0.0000000000      0.0000000000      0.0000000000      0.0000000000      0.0000000000      0.0000000000      0.0000000000      0.0000000000      0.0000000000      0.0000000000      0.0000000000
      2.3850000000      0.0000000000      0.0000000000      0.0000000000      0.0000000000      0.0000000000      0.0000000000      0.0000000000      0.0000000000      0.0000000000      0.0000000000      0.0000000000
      2.4050000000      0.0000000000      0.0000000000      0.0000000000      0.0000000000      0.0000000000      0.0000000000      0.0000000000      0.0000000000      0.0000000000      0.0000000000      0.0000000000
      2.4250000000      0.0000000000      0.0000000000      0.0000000000      0.0000000000      0.0000000000      0.0000000000      0.0000000000      0.0000000000      0.0000000000      0.0000000000      0.0000000000
      2.4450000000      0.0000000000      0.0000000000      0.0000000000      0.0000000000      0.0000000000      0.0000000000      0.0000000000      0.0000000000      0.0000000000      0.0000000000      0.0000000000
      2.4650000000      0.0000000000      0.0000000000      0.0000000000      0.0000000000      0.0000000000      0.0000000000      0.0000000000      0.0000000000      0.0000000000      0.0000000000      0.0000000000
      2.4850000000      0.0000000000      0.0000000000      0.0000000000      0.0000000000      0.0000000000      0.0000000000      0.0000000000      0.0000000000      0.0000000000      0.0000000000      0.0000000000
      2.5050000000      0.0000000000      0.0000000000      0.0000000000      0.0000000000      0.0000000000      0.0000000000      0.0000000000      0.0000000000      0.0000000000      0.0000000000      0.0000000000
      2.5250000000      0.0000000000      0.0000000000      0.0000000000      0.0000000000      0.0000000000      0.0000000000      0.0000000000      0.0000000000      0.0000000000      0.0000000000      0.0000000000
      2.5450000000      0.0000000000      0.0000000000      0.0000000000      0.0000000000      0.0000000000      0.0000000000      0.0000000000      0.0000000000      0.0000000000      0.0000000000      0.0000000000
      2.5650000000      0.0000000000      0.0000000000      0.0000000000      0.0000000000      0.0000000000      0.0000000000      0.0000000000      0.0000000000      0.0000000000      0.0000000000      0.0000000000
      2.5850000000      0.0000000000      0.0000000000      0.0000000000      0.0000000000      0.0000000000      0.0000000000      0.0000000000      0.0000000000      0.0000000000      0.0000000000      0.0000000000
      2.6050000000      0.0000000000      0.0000000000      0.0000000000      0.0000000000      0.0000000000      0.0000000000      0.0000000000      0.0000000000      0.0000000000      0.0000000000      0.0000000000
      2.6250000000      0.0000000000      0.0000000000      0.0000000000      0.0000000000      0.0000000000      0.0000000000      0.0000000000      0.0000000000      0.0000000000      0.0000000000      0.0000000000
      2.6450000000      0.0000000000      0.0000000000      0.0000000000      0.0000000000      0.0000000000      0.0000000000      0.0000000000      0.0000000000      0.0000000000      0.0000000000      0.0000000000
      2.6650000000      0.0000000000      0.0000000000      0.0000000000      0.0000000000      0.0000000000      0.0000000000      0.0000000000      0.0000000000      0.0000000000      0.0000000000      0.0000000000
      2.6850000000      0.0000000000      0.0000000000      0.0000000000      0.0000000000      0.0000000000      0.0000000000      0.0000000000      0.0000000000      0.0000000000      0.0000000000      0.0000000000
      2.7050000000      0.0000000000      0.0000000000      0.0000000000      0.0000000000      0.0000000000      0.0000000000      0.0000000000      0.0000000000      0.0000000000      0.0000000000      0.0000000000
      2.7250000000      0.0000000000      0.0000000000      0.0000000000      0.0000000000      0.0000000000      0.0000000000      0.0000000000      0.0000000000      0.0000000000      0.0000000000      0.0000000000
      2.7450000000      0.0000000000      0.0000000000      0.0000000000      0.0000000000      0.0000000000      0.0000000000      0.0000000000      0.0000000000      0.0000000000      0.0000000000      0.0000000000
      2.7650000000      0.0000000000      0.0000000000      0.0000000000      0.0000000000      0.0000000000      0.0000000000      0.0000000000      0.0000000000      0.0000000000      0.0000000000      0.0000000000
      2.7850000000      0.0000000000      0.0000000000      0.0000000000      0.0000000000      0.0000000000      0.0000000000      0.0000000000      0.0000000000      0.0000000000      0.0000000000      0.0000000000
      2.8050000000      0.0000000000      0.0000000000      0.0000000000      0.0000000000      0.0000000000      0.0000000000      0.0000000000      0.0000000000      0.0000000000      0.0000000000      0.0000000000
      2.8250000000      0.0000000000      0.0000000000      0.0000000000      0.0000000000      0.0000000000      0.0000000000      0.0000000000      0.0000000000      0.0000000000      0.0000000000      0.0000000000
      2.8450000000      0.0000000000      0.0000000000      0.0000000000      0.0000000000      0.0000000000      0.0000000000      0.0000000000      0.0000000000      0.0000000000      0.0000000000      0.0000000000
      2.8650000000      0.0000000000      0.0000000000      0.0000000000      0.0000000000      0.0000000000      0.0000000000      0.0000000000      0.0000000000      0.0000000000      0.0000000000      0.0000000000
      2.8850000000      0.0000000000      0.0000000000      0.0000000000      0.0000000000      0.0000000000      0.0000000000      0.0000000000      0.0000000000      0.0000000000      0.0000000000      0.0000000000
      2.9050000000      0.0000000000      0.0000000000      0.0000000000      0.0000000000      0.0000000000      0.0000000000      0.0000000000      0.0000000000      0.0000000000      0.0000000000      0.0000000000
      2.9250000000      0.0000000000      0.0000000000      0.0000000000      0.0000000000      0.0000000000      0.0000000000      0.0000000000      0.0000000000      0.0000000000      0.0000000000      0.0000000000
      2.9450000000      0.0000000000      0.0000000000      0.0000000000      0.0000000000      0.0000000000      0.0000000000      0.0000000000      0.0000000000      0.0000000000      0.0000000000      0.0000000000
      2.9650000000      0.0000000000      0.0000000000      0.0000000000      0.0000000000      0.0000000000      0.0000000000      0.0000000000      0.0000000000      0.0000000000      0.0000000000      0.0000000000
      2.9850000000      0.0000000000      0.0000000000      0.0000000000      0.0000000000      0.0000000000      0.0000000000      0.0000000000      0.0000000000      0.0000000000      0.0000000000      0.0000000000
      3.0050000000      0.0000000000      0.0000000000      0.0000000000      0.0000000000      0.0000000000      0.0000000000      0.0000000000      0.0000000000      0.0000000000      0.0000000000      0.0000000000
      3.0250000000      0.0000000000      0.0000000000      0.0000000000      0.0000000000      0.0000000000      0.0000000000      0.0000000000      0.0000000000      0.0000000000      0.0000000000      0.0000000000
      3.0450000000      0.0000000000      0.0000000000      0.0000000000      0.0000000000      0.0000000000      0.0000000000      0.0000000000      0.0000000000      0.0000000000      0.0000000000      0.0000000000
      3.0650000000      0.0000000000      0.0000000000      0.0000000000      0.0000000000      0.0000000000      0.0000000000      0.0000000000      0.0000000000      0.0000000000      0.0000000000      0.0000000000
      3.0850000000      0.0000000000      0.0000000000      0.0000000000      0.0000000000      0.0000000000      0.0000000000      0.0000000000      0.0000000000      0.0000000000      0.0000000000      0.0000000000
      3.1050000000      0.0000000000      0.0000000000      0.0000000000      0.0000000000      0.0000000000      0.0000000000      0.0000000000      0.0000000000      0.0000000000      0.0000000000      0.0000000000
      3.1250000000      0.0000000000      0.0000000000      0.0000000000      0.0000000000      0.0000000000      0.0000000000      0.0000000000      0.0000000000      0.0000000000      0.0000000000      0.0000000000
      3.1450000000      0.0000000000      0.0000000000      0.0000000000      0.0000000000      0.0000000000      0.0000000000      0.0000000000      0.0000000000      0.0000000000      0.0000000000      0.0000000000
      3.1650000000      0.0000000000      0.0000000000      0.0000000000      0.0000000000      0.0000000000      0.0000000000      0.0000000000      0.0000000000      0.0000000000      0.0000000000      0.0000000000
      3.1850000000      0.0000000000      0.0000000000      0.0000000000      0.0000000000      0.0000000000      0.0000000000      0.0000000000      0.0000000000      0.0000000000      0.0000000000      0.0000000000
      3.2050000000      0.0000000000      0.0000000000      0.0000000000      0.0000000000      0.0000000000      0.0000000000      0.0000000000      0.0000000000      0.0000000000      0.0000000000      0.0000000000
      3.2250000000      0.0000000000      0.0000000000      0.0000000000      0.0000000000      0.0000000000      0.0000000000      0.0000000000      0.0000000000      0.0000000000      0.0000000000      0.0000000000
      3.2450000000      0.0000000000      0.0000000000      0.0000000000      0.0000000000      0.0000000000      0.0000000000      0.0000000000      0.0000000000      0.0000000000      0.0000000000      0.0000000000
      3.2650000000      0.0000000000      0.0000000000      0.0000000000      0.0000000000      0.0000000000      0.0000000000      0.0000000000      0.0000000000      0.0000000000      0.0000000000      0.0000000000
      3.2850000000      0.0000000000      0.0000000000      0.0000000000      0.0000000000      0.0000000000      0.0000000000      0.0000000000      0.0000000000      0.0000000000      0.0000000000      0.0000000000
      3.3050000000      0.0000000000      0.0000000000      0.0000000000      0.0000000000      0.0000000000      0.0000000000      0.0000000000      0.0000000000      0.0000000000      0.0000000000      0.0000000000
      3.3250000000      0.0000000000      0.0000000000      0.0000000000      0.0000000000      0.0000000000      0.0000000000      0.0000000000      0.0000000000      0.0000000000      0.0000000000      0.0000000000
      3.3450000000      0.0000000000      0.0000000000      0.0000000000      0.0000000000      0.0000000000      0.0000000000      0.0000000000      0.0000000000      0.0000000000      0.0000000000      0.0000000000
      3.3650000000      0.0000000000      0.0000000000      0.0000000000      0.0000000000      0.0000000000      0.0000000000      0.0000000000      0.0000000000      0.0000000000      0.0000000000      0.0000000000
      3.3850000000      0.0000000000      0.0000000000      0.0000000000      0.0000000000      0.0000000000      0.0000000000      0.0000000000      0.0000000000      0.0000000000      0.0000000000      0.0000000000
      3.4050000000      0.0000000000      0.0000000000      0.0000000000      0.0000000000      0.0000000000      0.0000000000      0.0000000000      0.0000000000      0.0000000000      0.0000000000      0.0000000000
      3.4250000000      0.0000000000      0.0000000000      0.0000000000      0.0000000000      0.0000000000      0.0000000000      0.0000000000      0.0000000000      0.0000000000      0.0000000000      0.0000000000
      3.4450000000      0.0000000000      0.0000000000      0.0000000000      0.0000000000      0.0000000000      0.0000000000      0.0000000000      0.0000000000      0.0000000000      0.0000000000      0.0000000000
      3.4650000000      0.0000000000      0.0000000000      0.0000000000      0.0000000000      0.0000000000      0.0000000000      0.0000000000      0.0000000000      0.0000000000      0.0000000000      0.0000000000
      3.4850000000      0.0000000000      0.0000000000      0.0000000000      0.0000000000      0.0000000000      0.0000000000      0.0000000000      0.0000000000      0.0000000000      0.0000000000      0.0000000000
      3.5050000000      0.0000000000      0.0000000000      0.0000000000      0.0000000000      0.0000000000      0.0000000000      0.0000000000      0.0000000000      0.0000000000      0.0000000000      0.0000000000
      3.5250000000      0.0000000000      0.0000000000      0.0000000000      0.0000000000      0.0000000000      0.0000000000      0.0000000000      0.0000000000      0.0000000000      0.0000000000      0.0000000000
      3.5450000000      0.0000000000      0.0000000000      0.0000000000      0.0000000000      0.0000000000      0.0000000000      0.0000000000      0.0000000000      0.0000000000      0.0000000000      0.0000000000
      3.5650000000      0.0000000000      0.0000000000      0.0000000000      0.0000000000      0.0000000000      0.0000000000      0.0000000000      0.0000000000      0.0000000000      0.0000000000      0.0000000000
      3.5850000000      0.0000000000      0.0000000000      0.0000000000      0.0000000000      0.0000000000      0.0000000000      0.0000000000      0.0000000000      0.0000000000      0.0000000000      0.0000000000
      3.6050000000      0.0000000000      0.0000000000      0.0000000000      0.0000000000      0.0000000000      0.0000000000      0.0000000000      0.0000000000      0.0000000000      0.0000000000      0.0000000000
      3.6250000000      0.0000000000      0.0000000000      0.0000000000      0.0000000000      0.0000000000      0.0000000000      0.0000000000      0.0000000000      0.0000000000      0.0000000000      0.0000000000
      3.6450000000      0.0000000000      0.0000000000      0.0000000000      0.0000000000      0.0000000000      0.0000000000      0.0000000000      0.0000000000      0.0000000000      0.0000000000      0.0000000000
      3.6650000000      0.0000000000      0.0000000000      0.0000000000      0.0000000000      0.0000000000      0.0000000000      0.0000000000      0.0000000000      0.0000000000      0.0000000000      0.0000000000
      3.6850000000      0.0000000000      0.0000000000      0.0000000000      0.0000000000      0.0000000000      0.0000000000      0.0000000000      0.0000000000      0.0000000000      0.0000000000      0.0000000000
      3.7050000000      0.0000000000      0.0000000000      0.0000000000      0.0000000000      0.0000000000      0.0000000000      0.0000000000      0.0000000000      0.0000000000      0.0000000000      0.0000000000
      3.7250000000      0.0000000000      0.0000000000      0.0000000000      0.0000000000      0.0000000000      0.0000000000      0.0000000000      0.0000000000      0.0000000000      0.0000000000      0.0000000000
      3.7450000000      0.0000000000      0.0000000000      0.0000000000      0.0000000000      0.0000000000      0.0000000000      0.0000000000      0.0000000000      0.0000000000      0.0000000000      0.0000000000
      3.7650000000      0.0000000000      0.0000000000      0.0000000000      0.0000000000      0.0000000000      0.0000000000      0.0000000000      0.0000000000      0.0000000000      0.0000000000      0.0000000000
      3.7850000000      0.0000000000      0.0000000000      0.0000000000      0.0000000000      0.0000000000      0.0000000000      0.0000000000      0.0000000000      0.0000000000      0.0000000000      0.0000000000
      3.8050000000      0.0000000000      0.0000000000      0.0000000000      0.0000000000      0.0000000000      0.0000000000      0.0000000000      0.0000000000      0.0000000000      0.0000000000      0.0000000000
      3.8250000000      0.0000000000      0.0000000000      0.0000000000      0.0000000000      0.0000000000      0.0000000000      0.0000000000      0.0000000000      0.0000000000      0.0000000000      0.0000000000
      3.8450000000      0.0000000000      0.0000000000      0.0000000000      0.0000000000      0.0000000000      0.0000000000      0.0000000000      0.0000000000      0.0000000000      0.0000000000      0.0000000000
      3.8650000000      0.0000000000      0.0000000000      0.0000000000      0.0000000000      0.0000000000      0.0000000000      0.0000000000      0.0000000000      0.0000000000      0.0000000000      0.0000000000
      3.8850000000      0.0000000000      0.0000000000      0.0000000000      0.0000000000      0.0000000000      0.0000000000      0.0000000000      0.0000000000      0.0000000000      0.0000000000      0.0000000000
      3.9050000000      0.0000000000      0.0000000000      0.0000000000      0.0000000000      0.0000000000      0.0000000000      0.0000000000      0.0000000000      0.0000000000      0.0000000000      0.0000000000
      3.9250000000      0.0000000000      0.0000000000      0.0000000000      0.0000000000      0.0000000000      0.0000000000      0.0000000000      0.0000000000      0.0000000000      0.0000000000      0.0000000000
      3.9450000000      0.0000000000      0.0000000000      0.0000000000      0.0000000000      0.0000000000      0.0000000000      0.0000000000      0.0000000000      0.0000000000      0.0000000000      0.0000000000
      3.9650000000      0.0000000000      0.0000000000      0.0000000000      0.0000000000      0.0000000000      0.0000000000      0.0000000000      0.0000000000      0.0000000000      0.0000000000      0.0000000000
      3.9850000000      0.0000000000      0.0000000000      0.0000000000      0.0000000000      0.0000000000      0.0000000000      0.0000000000      0.0000000000      0.0000000000      0.0000000000      0.0000000000
