        0.0000000000000000        0.9986939736520201        0.0000000000000000        0.3982745122345702        0.0000000000000000
        0.0020000000949949        0.9986939736520201        0.0000000000000000        0.3991724099829714        0.0022544695199385
        0.0040000001899898        0.9986939736520202        0.0000000000000002        0.3998044432891173        0.0038413983510098
        0.0060000002849847        0.9986939736520198       -0.0000000000000002        0.4003261884124410        0.0051514121914547
        0.0080000003799796        0.9986939736520200       -0.0000000000000001        0.4007683589819946        0.0062616277738498
        0.0100000004749745        0.9986939736520205        0.0000000000000004        0.4011449629722278        0.0072072167549779
        0.0120000005699694        0.9986939736520205        0.0000000000000004        0.4014640837275122        0.0080084750466370
        0.0140000006649643        0.9986939736520196       -0.0000000000000004        0.4017309681090909        0.0086785766307962
        0.0160000007599592        0.9986939736520206        0.0000000000000007        0.4019641991524296        0.0092641803693589
        0.0180000008549541        0.9986939736520201        0.0000000000000000        0.4021835621078917        0.0098149636826855
        0.0200000009499490        0.9986939736520207        0.0000000000000007        0.4023970706240367        0.0103510474881670
        0.0220000010449439        0.9986939736520202        0.0000000000000002        0.4026067240539560        0.0108774518235661
        0.0240000011399388        0.9986939736520206        0.0000000000000007        0.4028119998811437        0.0113928647382315
        0.0260000012349337        0.9986939736520205        0.0000000000000004        0.4030114602817353        0.0118936760994016
        0.0280000013299286        0.9986939736520205        0.0000000000000004        0.4032032829288885        0.0123753103523117
        0.0300000014249235        0.9986939736520206        0.0000000000000007        0.4033855553530746        0.0128329656091429
        0.0320000015199184        0.9986939736520200       -0.0000000000000001        0.4035564043617688        0.0132619385999969
        0.0340000016149133        0.9986939736520209        0.0000000000000009        0.4037140082427879        0.0136576553134136
        0.0360000017099082        0.9986939736520216        0.0000000000000016        0.4038581214606463        0.0140194992512791
        0.0380000018049031        0.9986939736520206        0.0000000000000007        0.4039976858024858        0.0143699217301279
        0.0400000018998981        0.9986939736520205        0.0000000000000004        0.4041356146011557        0.0147162376364509
        0.0420000019948930        0.9986939736520207        0.0000000000000007        0.4042722503746833        0.0150593069751364
        0.0440000020898879        0.9986939736520202        0.0000000000000002        0.4044069487184047        0.0153975117549644
        0.0460000021848828        0.9986939736520201        0.0000000000000000        0.4045400197008207        0.0157316305055453
        0.0480000022798777        0.9986939736520202        0.0000000000000002        0.4046712596165389        0.0160611517570606
        0.0500000023748726        0.9986939736520202        0.0000000000000002        0.4047998844670773        0.0163841070218019
        0.0520000024698675        0.9986939736520206        0.0000000000000007        0.4049246140495394        0.0166972819266239
        0.0540000025648624        0.9986939736520198       -0.0000000000000002        0.4050441035139165        0.0169972997804069
        0.0560000026598573        0.9986939736520202        0.0000000000000002        0.4051570903247207        0.0172809905698834
        0.0580000027548522        0.9986939736520201        0.0000000000000000        0.4052626588843958        0.0175460553843071
        0.0600000028498471        0.9986939736520206        0.0000000000000007        0.4053665069636365        0.0178068003630856
        0.0620000029448420        0.9986939736520204        0.0000000000000004        0.4054707158006128        0.0180684511435780
        0.0640000030398369        0.9986939736520201        0.0000000000000000        0.4055755090713800        0.0183315693385617
        0.0660000031348318        0.9986939736520201        0.0000000000000000        0.4056805088975448        0.0185952061592450
        0.0680000032298267        0.9986939736520202        0.0000000000000002        0.4057849245391627        0.0188573761912466
        0.0700000033248216        0.9986939736520204        0.0000000000000004        0.4058878479484118        0.0191157994799265
        0.0720000034198165        0.9986939736520202        0.0000000000000002        0.4059887772133450        0.0193692158091990
        0.0740000035148114        0.9986939736520198       -0.0000000000000002        0.4060874707660682        0.0196170186429015
        0.0760000036098063        0.9986939736520211        0.0000000000000011        0.4061830588196890        0.0198570240931235
        0.0780000037048012        0.9986939736520204        0.0000000000000004        0.4062746831751401        0.0200870773670249
        0.0800000037997961        0.9986939736520202        0.0000000000000002        0.4063613237570528        0.0203046172277269
        0.0820000038947910        0.9986939736520201        0.0000000000000000        0.4064457180689368        0.0205165170839605
        0.0840000039897859        0.9986939736520200       -0.0000000000000001        0.4065307512480657        0.0207300210278907
        0.0860000040847808        0.9986939736520201        0.0000000000000000        0.4066170196201412        0.0209466263325875
        0.0880000041797757        0.9986939736520204        0.0000000000000004        0.4067042239757203        0.0211655817336996
        0.0900000042747706        0.9986939736520204        0.0000000000000004        0.4067919731081915        0.0213859049775317
        0.0920000043697655        0.9986939736520200       -0.0000000000000001        0.4068794221665511        0.0216054747859761
        0.0940000044647604        0.9986939736520205        0.0000000000000004        0.4069659093550632        0.0218226295017695
        0.0960000045597553        0.9986939736520204        0.0000000000000004        0.4070504799676086        0.0220349720191727
        0.0980000046547502        0.9986939736520211        0.0000000000000011        0.4071325134118743        0.0222409441357549
        0.1000000047497451        0.9986939736520201        0.0000000000000000        0.4072115823472776        0.0224394728715248
        0.1020000048447400        0.9986939736520204        0.0000000000000004        0.4072869601008345        0.0226287336734125
        0.1040000049397349        0.9986939736520202        0.0000000000000002        0.4073591293444669        0.0228099384490521
        0.1060000050347298        0.9986939736520194       -0.0000000000000007        0.4074315652643065        0.0229918128035848
        0.1080000051297247        0.9986939736520205        0.0000000000000004        0.4075052713744314        0.0231768763912881
        0.1100000052247196        0.9986939736520205        0.0000000000000004        0.4075803204995131        0.0233653120626060
        0.1120000053197145        0.9986939736520206        0.0000000000000007        0.4076563795012181        0.0235562833634765
        0.1140000054147094        0.9986939736520204        0.0000000000000004        0.4077328886847503        0.0237483849948436
        0.1160000055097044        0.9986939736520204        0.0000000000000004        0.4078092638533293        0.0239401501373090
        0.1180000056046993        0.9986939736520204        0.0000000000000004        0.4078846703334381        0.0241294830667141
        0.1200000056996942        0.9986939736520201        0.0000000000000000        0.4079584699690683        0.0243147814811575
        0.1220000057946891        0.9986939736520202        0.0000000000000002        0.4080296330912793        0.0244934600559216
        0.1240000058896840        0.9986939736520207        0.0000000000000007        0.4080977129070096        0.0246643969691284
        0.1260000059846789        0.9986939736520206        0.0000000000000007        0.4081622468023838        0.0248264306755087
        0.1280000060796738        0.9986939736520206        0.0000000000000007        0.4082257919718087        0.0249859818581050
        0.1300000061746687        0.9986939736520212        0.0000000000000011        0.4082901431766937        0.0251475568595377
        0.1320000062696636        0.9986939736520206        0.0000000000000007        0.4083560378856839        0.0253130073389583
        0.1340000063646585        0.9986939736520206        0.0000000000000007        0.4084231494072854        0.0254815130292294
        0.1360000064596534        0.9986939736520198       -0.0000000000000002        0.4084912050947187        0.0256523893603597
        0.1380000065546483        0.9986939736520201        0.0000000000000000        0.4085595950851040        0.0258241050697121
        0.1400000066496432        0.9986939736520201        0.0000000000000000        0.4086276667260501        0.0259950214574169
        0.1420000067446381        0.9986939736520202        0.0000000000000002        0.4086949935386747        0.0261640677070673
        0.1440000068396330        0.9986939736520211        0.0000000000000011        0.4087605425112866        0.0263286501008643
        0.1460000069346279        0.9986939736520205        0.0000000000000004        0.4088237914074584        0.0264874573913860
        0.1480000070296228        0.9986939736520200       -0.0000000000000001        0.4088839435874552        0.0266384893508738
        0.1500000071246177        0.9986939736520200       -0.0000000000000001        0.4089412542612015        0.0267823867683228
        0.1520000072196126        0.9986939736520206        0.0000000000000007        0.4089986371313976        0.0269264654588574
        0.1540000073146075        0.9986939736520201        0.0000000000000000        0.4090573919179621        0.0270739887995674
        0.1560000074096024        0.9986939736520194       -0.0000000000000007        0.4091172550303081        0.0272242949590305
        0.1580000075045973        0.9986939736520195       -0.0000000000000006        0.4091783537805578        0.0273777035964724
        0.1600000075995922        0.9986939736520202        0.0000000000000002        0.4092402965107235        0.0275332313248678
        0.1620000076945871        0.9986939736520206        0.0000000000000007        0.4093023582966375        0.0276890579821294
        0.1640000077895820        0.9986939736520206        0.0000000000000007        0.4093639972666288        0.0278438230200562
        0.1660000078845769        0.9986939736520204        0.0000000000000004        0.4094245808909815        0.0279959382634166
        0.1680000079795718        0.9986939736520201        0.0000000000000000        0.4094835615842466        0.0281440288176782
        0.1700000080745667        0.9986939736520201        0.0000000000000000        0.4095401838427323        0.0282861977407358
        0.1720000081695616        0.9986939736520207        0.0000000000000007        0.4095937957029367        0.0284208080624046
        0.1740000082645565        0.9986939736520205        0.0000000000000004        0.4096463089778435        0.0285526600220297
        0.1760000083595514        0.9986939736520202        0.0000000000000002        0.4096993323944103        0.0286857928611592
        0.1780000084545463        0.9986939736520205        0.0000000000000004        0.4097535615392984        0.0288219530803605
        0.1800000085495412        0.9986939736520205        0.0000000000000004        0.4098088985357928        0.0289608949277408
        0.1820000086445361        0.9986939736520209        0.0000000000000009        0.4098651612646297        0.0291021611326036
        0.1840000087395310        0.9986939736520207        0.0000000000000007        0.4099220528300740        0.0292450062399268
        0.1860000088345259        0.9986939736520201        0.0000000000000000        0.4099787905215825        0.0293874649957990
        0.1880000089295208        0.9986939736520202        0.0000000000000002        0.4100349193412206        0.0295283949772913
        0.1900000090245157        0.9986939736520205        0.0000000000000004        0.4100900232094197        0.0296667514789161
        0.1920000091195107        0.9986939736520204        0.0000000000000004        0.4101434810986208        0.0298009752054135
        0.1940000092145056        0.9986939736520200       -0.0000000000000001        0.4101943821502355        0.0299287791447848
        0.1960000093095005        0.9986939736520200       -0.0000000000000001        0.4102432346625862        0.0300514395482252
        0.1980000094044954        0.9986939736520201        0.0000000000000000        0.4102923367622238        0.0301747266231677
        0.2000000094994903        0.9986939736520209        0.0000000000000009        0.4103421093898998        0.0302996972807093
        0.2020000095944852        0.9986939736520202        0.0000000000000002        0.4103927937568342        0.0304269571614636
        0.2040000096894801        0.9986939736520204        0.0000000000000004        0.4104444887010602        0.0305567544310299
        0.2060000097844750        0.9986939736520206        0.0000000000000007        0.4104967488758264        0.0306879708989708
        0.2080000098794699        0.9986939736520202        0.0000000000000002        0.4105493623855084        0.0308200745311786
        0.2100000099744648        0.9986939736520206        0.0000000000000007        0.4106017221453326        0.0309515410403721
        0.2120000100694597        0.9986939736520202        0.0000000000000002        0.4106532708273026        0.0310809710701291
        0.2140000101644546        0.9986939736520195       -0.0000000000000006        0.4107036690643527        0.0312075125270939
        0.2160000102594495        0.9986939736520202        0.0000000000000002        0.4107519956826371        0.0313288524993990
        0.2180000103544444        0.9986939736520206        0.0000000000000007        0.4107978363682446        0.0314439507148240
        0.2200000104494393        0.9986939736520198       -0.0000000000000002        0.4108435540976176        0.0315587402079215
        0.2220000105444342        0.9986939736520206        0.0000000000000007        0.4108898236391007        0.0316749152079823
        0.2240000106394291        0.9986939736520198       -0.0000000000000002        0.4109368163984274        0.0317929060858396
        0.2260000107344240        0.9986939736520195       -0.0000000000000006        0.4109846756162849        0.0319130724946538
        0.2280000108294189        0.9986939736520207        0.0000000000000007        0.4110334527417918        0.0320355436144683
        0.2300000109244138        0.9986939736520201        0.0000000000000000        0.4110825075720794        0.0321587120040606
        0.2320000110194087        0.9986939736520202        0.0000000000000002        0.4111314634927885        0.0322816320484150
        0.2340000111144036        0.9986939736520206        0.0000000000000007        0.4111799984992547        0.0324034952482314
        0.2360000112093985        0.9986939736520201        0.0000000000000000        0.4112276867423511        0.0325232323683117
        0.2380000113043934        0.9986939736520204        0.0000000000000004        0.4112734174548943        0.0326380544599556
        0.2400000113993883        0.9986939736520202        0.0000000000000002        0.4113171694215522        0.0327479082550488
        0.2420000114943832        0.9986939736520198       -0.0000000000000002        0.4113599526773581        0.0328553297808851
        0.2440000115893781        0.9986939736520204        0.0000000000000004        0.4114032208219303        0.0329639687804770
        0.2460000116843730        0.9986939736520209        0.0000000000000009        0.4114474728223829        0.0330750780759334
        0.2480000117793679        0.9986939736520200       -0.0000000000000001        0.4114926693588278        0.0331885589416592
        0.2500000118743628        0.9986939736520209        0.0000000000000009        0.4115380813965470        0.0333025808946696
        0.2520000119693577        0.9986939736520212        0.0000000000000011        0.4115841072305546        0.0334181439864410
        0.2540000120643526        0.9986939736520196       -0.0000000000000004        0.4116299171478841        0.0335331649479193
        0.2560000121593475        0.9986939736520201        0.0000000000000000        0.4116754180324586        0.0336474099803699
        0.2580000122543424        0.9986939736520212        0.0000000000000011        0.4117202783024185        0.0337600465377741
        0.2600000123493373        0.9986939736520205        0.0000000000000004        0.4117636284218252        0.0338688913623236
        0.2620000124443322        0.9986939736520202        0.0000000000000002        0.4118050186390366        0.0339728152036437
        0.2640000125393271        0.9986939736520198       -0.0000000000000002        0.4118451823092619        0.0340736593927434
        0.2660000126343220        0.9986939736520198       -0.0000000000000002        0.4118859195245054        0.0341759436564663
        0.2680000127293169        0.9986939736520198       -0.0000000000000002        0.4119277342321714        0.0342809333215880
        0.2700000128243119        0.9986939736520206        0.0000000000000007        0.4119702995944597        0.0343878077536209
        0.2720000129193068        0.9986939736520202        0.0000000000000002        0.4120134252875177        0.0344960890815323
        0.2740000130143017        0.9986939736520204        0.0000000000000004        0.4120568656131958        0.0346051603987861
        0.2760000131092966        0.9986939736520205        0.0000000000000004        0.4121003962001260        0.0347144583467917
        0.2780000132042915        0.9986939736520200       -0.0000000000000001        0.4121432488959453        0.0348220542247677
        0.2800000132992864        0.9986939736520206        0.0000000000000007        0.4121854288210924        0.0349279608892703
        0.2820000133942813        0.9986939736520207        0.0000000000000007        0.4122265589155819        0.0350312316063913
        0.2840000134892762        0.9986939736520204        0.0000000000000004        0.4122659438290102        0.0351301204687675
        0.2860000135842711        0.9986939736520194       -0.0000000000000007        0.4123038878009666        0.0352253913705971
        0.2880000136792660        0.9986939736520201        0.0000000000000000        0.4123426357327328        0.0353226808796566
        0.2900000137742609        0.9986939736520196       -0.0000000000000004        0.4123824309093685        0.0354225998436205
        0.2920000138692558        0.9986939736520198       -0.0000000000000002        0.4124228403795986        0.0355240611949969
        0.2940000139642507        0.9986939736520205        0.0000000000000004        0.4124642807737630        0.0356281110221673
        0.2960000140592456        0.9986939736520202        0.0000000000000002        0.4125059359635765        0.0357327001649166
        0.2980000141542405        0.9986939736520206        0.0000000000000007        0.4125473187300570        0.0358366052987108
        0.3000000142492354        0.9986939736520209        0.0000000000000009        0.4125882399286854        0.0359393515136236
        0.3020000143442303        0.9986939736520205        0.0000000000000004        0.4126282242339098        0.0360397453475150
        0.3040000144392252        0.9986939736520201        0.0000000000000000        0.4126668354179159        0.0361366915060565
        0.3060000145342201        0.9986939736520202        0.0000000000000002        0.4127041192234517        0.0362303048415585
        0.3080000146292150        0.9986939736520202        0.0000000000000002        0.4127404496524277        0.0363215244096202
        0.3100000147242099        0.9986939736520201        0.0000000000000000        0.4127774697201535        0.0364144755440478
        0.3120000148192048        0.9986939736520196       -0.0000000000000004        0.4128156035095721        0.0365102230454500
        0.3140000149141997        0.9986939736520205        0.0000000000000004        0.4128542316055495        0.0366072116670935
        0.3160000150091946        0.9986939736520205        0.0000000000000004        0.4128936743816792        0.0367062458129354
        0.3180000151041895        0.9986939736520201        0.0000000000000000        0.4129332863122264        0.0368057046769358
        0.3200000151991844        0.9986939736520196       -0.0000000000000004        0.4129728670622843        0.0369050852519964
        0.3220000152941793        0.9986939736520207        0.0000000000000007        0.4130120581503424        0.0370034874516205
        0.3240000153891742        0.9986939736520195       -0.0000000000000006        0.4130500485998694        0.0370988750507763
        0.3260000154841691        0.9986939736520211        0.0000000000000011        0.4130866367990507        0.0371907418362656
        0.3280000155791640        0.9986939736520205        0.0000000000000004        0.4131216047115064        0.0372785403555823
        0.3300000156741589        0.9986939736520202        0.0000000000000002        0.4131562601304737        0.0373655542565544
        0.3320000157691538        0.9986939736520204        0.0000000000000004        0.4131917955033338        0.0374547775730571
        0.3340000158641487        0.9986939736520202        0.0000000000000002        0.4132283218461241        0.0375464890476011
        0.3360000159591436        0.9986939736520202        0.0000000000000002        0.4132658380596900        0.0376406859203946
        0.3380000160541385        0.9986939736520205        0.0000000000000004        0.4133037529726824        0.0377358838600762
        0.3400000161491334        0.9986939736520202        0.0000000000000002        0.4133419871037512        0.0378318833024063
        0.3420000162441283        0.9986939736520204        0.0000000000000004        0.4133801385640108        0.0379276751723041
        0.3440000163391232        0.9986939736520207        0.0000000000000007        0.4134176571541109        0.0380218780121736
        0.3460000164341182        0.9986939736520200       -0.0000000000000001        0.4134536129832224        0.0381121570232751
        0.3480000165291131        0.9986939736520207        0.0000000000000007        0.4134878291673707        0.0381980680798384
        0.3500000166241080        0.9986939736520205        0.0000000000000004        0.4135209310967776        0.0382811814310321
        0.3520000167191029        0.9986939736520202        0.0000000000000002        0.4135544261949004        0.0383652819624342
        0.3540000168140978        0.9986939736520194       -0.0000000000000007        0.4135889312249271        0.0384519182621892
        0.3560000169090927        0.9986939736520195       -0.0000000000000006        0.4136246191565103        0.0385415246278664
        0.3580000170040876        0.9986939736520205        0.0000000000000004        0.4136611965027062        0.0386333641633432
        0.3600000170990825        0.9986939736520196       -0.0000000000000004        0.4136976800304235        0.0387249681364736
        0.3620000171940774        0.9986939736520200       -0.0000000000000001        0.4137347027383485        0.0388179258999954
        0.3640000172890723        0.9986939736520198       -0.0000000000000002        0.4137710200525191        0.0389091125389967
        0.3660000173840672        0.9986939736520204        0.0000000000000004        0.4138063878812800        0.0389979151805781
        0.3680000174790621        0.9986939736520207        0.0000000000000007        0.4138400824502693        0.0390825165496192
        0.3700000175740570        0.9986939736520211        0.0000000000000011        0.4138723282778680        0.0391634803738363
        0.3720000176690519        0.9986939736520202        0.0000000000000002        0.4139041748915196        0.0392434418392912
        0.3740000177640468        0.9986939736520202        0.0000000000000002        0.4139372869994576        0.0393265807470568
        0.3760000178590417        0.9986939736520205        0.0000000000000004        0.4139712227051395        0.0394117875695860
        0.3780000179540366        0.9986939736520204        0.0000000000000004        0.4140059978545729        0.0394991020935264
        0.3800000180490315        0.9986939736520202        0.0000000000000002        0.4140412800690275        0.0395876897720515
        0.3820000181440264        0.9986939736520211        0.0000000000000011        0.4140771285142295        0.0396776991603021
        0.3840000182390213        0.9986939736520205        0.0000000000000004        0.4141124281233175        0.0397663305138124
        0.3860000183340162        0.9986939736520196       -0.0000000000000004        0.4141473023578632        0.0398538938237266
        0.3880000184290111        0.9986939736520200       -0.0000000000000001        0.4141802296769064        0.0399365687578026
        0.3900000185240060        0.9986939736520196       -0.0000000000000004        0.4142113797975607        0.0400147814470343
        0.3920000186190009        0.9986939736520207        0.0000000000000007        0.4142423763113331        0.0400926084553420
        0.3940000187139958        0.9986939736520185       -0.0000000000000016        0.4142738186567901        0.0401715548716732
        0.3960000188089907        0.9986939736520200       -0.0000000000000001        0.4143069505513332        0.0402547434602605
        0.3980000189039856        0.9986939736520204        0.0000000000000004        0.4143412694062297        0.0403409123057234
        0.4000000189989805        0.9986939736520202        0.0000000000000002        0.4143762559363481        0.0404287575708450
        0.4020000190939754        0.9986939736520198       -0.0000000000000002        0.4144113344718823        0.0405168338460184
        0.4040000191889703        0.9986939736520204        0.0000000000000004        0.4144451855929225        0.0406018282908056
        0.4060000192839652        0.9986939736520204        0.0000000000000004        0.4144776773101806        0.0406834095024070
        0.4080000193789601        0.9986939736520207        0.0000000000000007        0.4145087923845319        0.0407615341962939
        0.4100000194739550        0.9986939736520201        0.0000000000000000        0.4145385814588608        0.0408363295281915
        0.4120000195689499        0.9986939736520202        0.0000000000000002        0.4145695102534875        0.0409139865051675
        0.4140000196639448        0.9986939736520198       -0.0000000000000002        0.4146010124860641        0.0409930832879362
        0.4160000197589397        0.9986939736520198       -0.0000000000000002        0.4146336033304935        0.0410749133911146
        0.4180000198539346        0.9986939736520202        0.0000000000000002        0.4146669738356585        0.0411587010906532
        0.4200000199489295        0.9986939736520201        0.0000000000000000        0.4147009188049213        0.0412439311724686
        0.4220000200439245        0.9986939736520211        0.0000000000000011        0.4147347238578273        0.0413288099479554
        0.4240000201389194        0.9986939736520206        0.0000000000000007        0.4147672487206543        0.0414104743824795
        0.4260000202339143        0.9986939736520201        0.0000000000000000        0.4147993606934614        0.0414911021199335
        0.4280000203289092        0.9986939736520205        0.0000000000000004        0.4148292543378767        0.0415661600096477
        0.4300000204239041        0.9986939736520209        0.0000000000000009        0.4148589488686422        0.0416407179586335
        0.4320000205188990        0.9986939736520202        0.0000000000000002        0.4148893871319448        0.0417171432943442
        0.4340000206138939        0.9986939736520201        0.0000000000000000        0.4149213954105605        0.0417975106732059
        0.4360000207088888        0.9986939736520205        0.0000000000000004        0.4149539023962667        0.0418791302213005
        0.4380000208038837        0.9986939736520201        0.0000000000000000        0.4149867421431860        0.0419615852765715
        0.4400000208988786        0.9986939736520211        0.0000000000000011        0.4150195620769142        0.0420439905842675
        0.4420000209938735        0.9986939736520206        0.0000000000000007        0.4150521782032554        0.0421258841660542
        0.4440000210888684        0.9986939736520206        0.0000000000000007        0.4150834400704275        0.0422043774319091
        0.4460000211838633        0.9986939736520202        0.0000000000000002        0.4151130512478014        0.0422787260946136
        0.4480000212788582        0.9986939736520205        0.0000000000000004        0.4151422556734324        0.0423520534724243
        0.4500000213738531        0.9986939736520198       -0.0000000000000002        0.4151718402502914        0.0424263353457308
        0.4520000214688480        0.9986939736520202        0.0000000000000002        0.4152028740212095        0.0425042559004355
        0.4540000215638429        0.9986939736520209        0.0000000000000009        0.4152348327307464        0.0425844988197166
        0.4560000216588378        0.9986939736520201        0.0000000000000000        0.4152671469319142        0.0426656343184120
        0.4580000217538327        0.9986939736520205        0.0000000000000004        0.4152997019464897        0.0427473744588816
        0.4600000218488276        0.9986939736520205        0.0000000000000004        0.4153320372263800        0.0428285628826870
        0.4620000219438225        0.9986939736520207        0.0000000000000007        0.4153627372009646        0.0429056453312033
        0.4640000220388174        0.9986939736520192       -0.0000000000000009        0.4153919024862498        0.0429788744342196
        0.4660000221338123        0.9986939736520211        0.0000000000000011        0.4154204257156248        0.0430504914433397
        0.4680000222288072        0.9986939736520204        0.0000000000000004        0.4154502207203655        0.0431253016654991
        0.4700000223238021        0.9986939736520205        0.0000000000000004        0.4154811365501782        0.0432029260900177
        0.4720000224187970        0.9986939736520206        0.0000000000000007        0.4155132445707442        0.0432835439040623
        0.4740000225137919        0.9986939736520195       -0.0000000000000006        0.4155458267659027        0.0433653522903830
        0.4760000226087868        0.9986939736520205        0.0000000000000004        0.4155782259128559        0.0434467010735912
        0.4780000227037817        0.9986939736520205        0.0000000000000004        0.4156103791947762        0.0435274325312483
        0.4800000227987766        0.9986939736520201        0.0000000000000000        0.4156407507814050        0.0436036904530981
        0.4820000228937715        0.9986939736520201        0.0000000000000000        0.4156694319362327        0.0436757039863437
        0.4840000229887664        0.9986939736520204        0.0000000000000004        0.4156983643883320        0.0437483484845744
        0.4860000230837613        0.9986939736520202        0.0000000000000002        0.4157286750940379        0.0438244535447144
        0.4880000231787562        0.9986939736520202        0.0000000000000002        0.4157600329343207        0.0439031877828329
        0.4900000232737511        0.9986939736520205        0.0000000000000004        0.4157926418858215        0.0439850633498078
        0.4920000233687460        0.9986939736520206        0.0000000000000007        0.4158253088516809        0.0440670845810337
        0.4940000234637409        0.9986939736520207        0.0000000000000007        0.4158582086779794        0.0441496904854736
        0.4960000235587358        0.9986939736520206        0.0000000000000007        0.4158892807650857        0.0442277072456524
        0.4980000236537308        0.9986939736520204        0.0000000000000004        0.4159189228607350        0.0443021335389217
        0.5000000237487257        0.9986939736520207        0.0000000000000007        0.4159483629187438        0.0443760525498161
        0.5020000238437206        0.9986939736520200       -0.0000000000000001        0.4159783835428204        0.0444514292640027
        0.5040000239387155        0.9986939736520206        0.0000000000000007        0.4160099443230982        0.0445306730501562
        0.5060000240337104        0.9986939736520205        0.0000000000000004        0.4160421455257445        0.0446115248286583
        0.5080000241287053        0.9986939736520206        0.0000000000000007        0.4160751290587300        0.0446943409064447
        0.5100000242237002        0.9986939736520201        0.0000000000000000        0.4161074973152581        0.0447756121290156
        0.5120000243186951        0.9986939736520206        0.0000000000000007        0.4161383679549766        0.0448531230888438
        0.5140000244136900        0.9986939736520204        0.0000000000000004        0.4161670042101575        0.0449250238866636
        0.5160000245086849        0.9986939736520201        0.0000000000000000        0.4161938043823423        0.0449923145903403
        0.5180000246036798        0.9986939736520201        0.0000000000000000        0.4162233126852622        0.0450664049526746
        0.5200000246986747        0.9986939736520201        0.0000000000000000        0.4162552830472883        0.0451466771293867
        0.5220000247936696        0.9986939736520198       -0.0000000000000002        0.4162894215022879        0.0452323930211922
        0.5240000248886645        0.9986939736520204        0.0000000000000004        0.4163247430674101        0.0453210795025944
        0.5260000249836594        0.9986939736520200       -0.0000000000000001        0.4163586290141207        0.0454061613887549
        0.5280000250786543        0.9986939736520201        0.0000000000000000        0.4163900860256432        0.0454851446290984
        0.5300000251736492        0.9986939736520206        0.0000000000000007        0.4164183956201973        0.0455562252372832
        0.5320000252686441        0.9986939736520209        0.0000000000000009        0.4164492940098479        0.0456338058725018
        0.5340000253636390        0.9986939736520205        0.0000000000000004        0.4164827608937302        0.0457178355627136
        0.5360000254586339        0.9986939736520212        0.0000000000000011        0.4165177606604620        0.0458057140627346
        0.5380000255536288        0.9986939736520204        0.0000000000000004        0.4165520682275256        0.0458918545663564
        0.5400000256486237        0.9986939736520198       -0.0000000000000002        0.4165848363692180        0.0459741298330024
        0.5420000257436186        0.9986939736520204        0.0000000000000004        0.4166181824918156        0.0460578563120346
        0.5440000258386135        0.9986939736520207        0.0000000000000007        0.4166508486737747        0.0461398755750191
        0.5460000259336084        0.9986939736520201        0.0000000000000000        0.4166829900212266        0.0462205770672426
        0.5480000260286033        0.9986939736520202        0.0000000000000002        0.4167141813370159        0.0462988931904971
        0.5500000261235982        0.9986939736520212        0.0000000000000011        0.4167475561226819        0.0463826916376506
        0.5520000262185931        0.9986939736520201        0.0000000000000000        0.4167829782876193        0.0464716307081892
        0.5540000263135880        0.9986939736520206        0.0000000000000007        0.4168191347258106        0.0465624134147914
        0.5560000264085829        0.9986939736520211        0.0000000000000011        0.4168525272758478        0.0466462564652790
        0.5580000265035778        0.9986939736520202        0.0000000000000002        0.4168841200962672        0.0467255806988136
        0.5600000265985727        0.9986939736520211        0.0000000000000011        0.4169168091796438        0.0468076574633879
        0.5620000266935676        0.9986939736520195       -0.0000000000000006        0.4169516763406517        0.0468952030128438
        0.5640000267885625        0.9986939736520202        0.0000000000000002        0.4169855802211009        0.0469803299275916
        0.5660000268835574        0.9986939736520207        0.0000000000000007        0.4170210650027760        0.0470694262181777
        0.5680000269785523        0.9986939736520201        0.0000000000000000        0.4170580874139146        0.0471623832365190
        0.5700000270735472        0.9986939736520200       -0.0000000000000001        0.4170940263924491        0.0472526199386690
        0.5720000271685421        0.9986939736520196       -0.0000000000000004        0.4171256946727041        0.0473321336390996
        0.5740000272635370        0.9986939736520202        0.0000000000000002        0.4171604697680549        0.0474194480272479
        0.5760000273585320        0.9986939736520206        0.0000000000000007        0.4171970965817763        0.0475114117673223
        0.5780000274535269        0.9986939736520202        0.0000000000000002        0.4172345096335337        0.0476053496182471
        0.5800000275485218        0.9986939736520204        0.0000000000000004        0.4172714815575788        0.0476981798720278
        0.5820000276435167        0.9986939736520202        0.0000000000000002        0.4173093961453203        0.0477933769950591
        0.5840000277385116        0.9986939736520207        0.0000000000000007        0.4173449458736640        0.0478826363557555
        0.5860000278335065        0.9986939736520206        0.0000000000000007        0.4173788923867314        0.0479678703138035
        0.5880000279285014        0.9986939736520204        0.0000000000000004        0.4174158430124645        0.0480606470911219
        0.5900000280234963        0.9986939736520200       -0.0000000000000001        0.4174546322090380        0.0481580402091395
        0.5920000281184912        0.9986939736520205        0.0000000000000004        0.4174926627236151        0.0482535284048659
        0.5940000282134861        0.9986939736520198       -0.0000000000000002        0.4175308798340693        0.0483494851113089
        0.5960000283084810        0.9986939736520214        0.0000000000000013        0.4175688936843571        0.0484449314658207
        0.5980000284034759        0.9986939736520205        0.0000000000000004        0.4176061001940758        0.0485383507245876
        0.6000000284984708        0.9986939736520209        0.0000000000000009        0.4176445087914368        0.0486347882222963
        0.6020000285934657        0.9986939736520198       -0.0000000000000002        0.4176848063379673        0.0487359685521758
        0.6040000286884606        0.9986939736520204        0.0000000000000004        0.4177243761145945        0.0488353215748061
        0.6060000287834555        0.9986939736520205        0.0000000000000004        0.4177632160781380        0.0489328421601070
        0.6080000288784504        0.9986939736520202        0.0000000000000002        0.4178017881996328        0.0490296902392834
        0.6100000289734453        0.9986939736520201        0.0000000000000000        0.4178408841440927        0.0491278535494097
        0.6120000290684402        0.9986939736520198       -0.0000000000000002        0.4178800157044484        0.0492261062850321
        0.6140000291634351        0.9986939736520212        0.0000000000000011        0.4179232481497578        0.0493346556498078
        0.6160000292584300        0.9986939736520205        0.0000000000000004        0.4179662838646472        0.0494427110577422
        0.6180000293534249        0.9986939736520204        0.0000000000000004        0.4180056670163733        0.0495415954967818
        0.6200000294484198        0.9986939736520192       -0.0000000000000009        0.4180471338142831        0.0496457116192952
        0.6220000295434147        0.9986939736520200       -0.0000000000000001        0.4180903598696313        0.0497542449399580
        0.6240000296384096        0.9986939736520211        0.0000000000000011        0.4181337125564900        0.0498630962109457
        0.6260000297334045        0.9986939736520196       -0.0000000000000004        0.4181791787634728        0.0499772541738233
        0.6280000298283994        0.9986939736520206        0.0000000000000007        0.4182233384362699        0.0500881316501381
        0.6300000299233943        0.9986939736520202        0.0000000000000002        0.4182656717726803        0.0501944235043995
        0.6320000300183892        0.9986939736520207        0.0000000000000007        0.4183111257568832        0.0503085507779423
        0.6340000301133841        0.9986939736520201        0.0000000000000000        0.4183580142191807        0.0504262797835832
        0.6360000302083790        0.9986939736520198       -0.0000000000000002        0.4184036300178851        0.0505408133459957
        0.6380000303033739        0.9986939736520205        0.0000000000000004        0.4184494920810897        0.0506559652369548
        0.6400000303983688        0.9986939736520205        0.0000000000000004        0.4184949912276510        0.0507702059055481
        0.6420000304933637        0.9986939736520195       -0.0000000000000006        0.4185422445632573        0.0508888510464113
        0.6440000305883586        0.9986939736520201        0.0000000000000000        0.4185918124886237        0.0510133077310439
        0.6460000306833535        0.9986939736520205        0.0000000000000004        0.4186397156463504        0.0511335844654449
        0.6480000307783484        0.9986939736520202        0.0000000000000002        0.4186872320422882        0.0512528901063488
        0.6500000308733433        0.9986939736520206        0.0000000000000007        0.4187365413446323        0.0513766974322742
        0.6520000309683383        0.9986939736520205        0.0000000000000004        0.4187860887342292        0.0515011025550598
        0.6540000310633332        0.9986939736520196       -0.0000000000000004        0.4188384643385475        0.0516326088471005
        0.6560000311583281        0.9986939736520212        0.0000000000000011        0.4188894736984445        0.0517606847302668
        0.6580000312533230        0.9986939736520192       -0.0000000000000009        0.4189391469581512        0.0518854058916284
        0.6600000313483179        0.9986939736520201        0.0000000000000000        0.4189922954782914        0.0520188528446910
        0.6620000314433128        0.9986939736520198       -0.0000000000000002        0.4190456916589744        0.0521529216315271
        0.6640000315383077        0.9986939736520205        0.0000000000000004        0.4190994086622407        0.0522877959496574
        0.6660000316333026        0.9986939736520204        0.0000000000000004        0.4191528675660878        0.0524220222237596
        0.6680000317282975        0.9986939736520205        0.0000000000000004        0.4192073022336466        0.0525586984756578
        0.6700000318232924        0.9986939736520206        0.0000000000000007        0.4192630299859525        0.0526986214448511
        0.6720000319182873        0.9986939736520207        0.0000000000000007        0.4193203513530431        0.0528425457114807
        0.6740000320132822        0.9986939736520204        0.0000000000000004        0.4193761866114737        0.0529827386103869
        0.6760000321082771        0.9986939736520209        0.0000000000000009        0.4194331791882141        0.0531258373400058
        0.6780000322032720        0.9986939736520196       -0.0000000000000004        0.4194922880434305        0.0532742496872705
        0.6800000322982669        0.9986939736520200       -0.0000000000000001        0.4195519524774246        0.0534240569989643
        0.6820000323932618        0.9986939736520206        0.0000000000000007        0.4196112811524373        0.0535730212765926
        0.6840000324882567        0.9986939736520207        0.0000000000000007        0.4196715016851105        0.0537242248581005
        0.6860000325832516        0.9986939736520202        0.0000000000000002        0.4197317375107359        0.0538754668376273
        0.6880000326782465        0.9986939736520201        0.0000000000000000        0.4197951804697763        0.0540347613872193
        0.6900000327732414        0.9986939736520194       -0.0000000000000007        0.4198584162496428        0.0541935357449146
        0.6920000328682363        0.9986939736520205        0.0000000000000004        0.4199205077525809        0.0543494370166023
        0.6940000329632312        0.9986939736520196       -0.0000000000000004        0.4199853876743990        0.0545123395369118
        0.6960000330582261        0.9986939736520204        0.0000000000000004        0.4200508015211016        0.0546765826523842
        0.6980000331532210        0.9986939736520195       -0.0000000000000006        0.4201171097968512        0.0548430715280532
        0.7000000332482159        0.9986939736520202        0.0000000000000002        0.4201830390551620        0.0550086087549796
        0.7020000333432108        0.9986939736520204        0.0000000000000004        0.4202504149843008        0.0551777783278975
        0.7040000334382057        0.9986939736520204        0.0000000000000004        0.4203190638575827        0.0553501440484574
        0.7060000335332006        0.9986939736520211        0.0000000000000011        0.4203887502415006        0.0555251147829060
        0.7080000336281955        0.9986939736520206        0.0000000000000007        0.4204591205216297        0.0557018026651767
        0.7100000337231904        0.9986939736520202        0.0000000000000002        0.4205295169316509        0.0558785561551909
        0.7120000338181853        0.9986939736520205        0.0000000000000004        0.4206031457808508        0.0560634257537672
        0.7140000339131802        0.9986939736520196       -0.0000000000000004        0.4206786926098965        0.0562531110756367
        0.7160000340081751        0.9986939736520206        0.0000000000000007        0.4207536755071777        0.0564413804601388
        0.7180000341031700        0.9986939736520204        0.0000000000000004        0.4208294226408403        0.0566315687130540
        0.7200000341981649        0.9986939736520200       -0.0000000000000001        0.4209046725617616        0.0568205085487946
        0.7220000342931598        0.9986939736520201        0.0000000000000000        0.4209808809341967        0.0570118548943279
        0.7240000343881547        0.9986939736520209        0.0000000000000009        0.4210565955747220        0.0572019615624661
        0.7260000344831496        0.9986939736520207        0.0000000000000007        0.4211311797594132        0.0573892298470287
        0.7280000345781446        0.9986939736520205        0.0000000000000004        0.4212082282070271        0.0575826854793806
        0.7300000346731395        0.9986939736520206        0.0000000000000007        0.4212881330252413        0.0577833129756416
        0.7320000347681344        0.9986939736520198       -0.0000000000000002        0.4213713212410670        0.0579921845284782
        0.7340000348631293        0.9986939736520198       -0.0000000000000002        0.4214572545555011        0.0582079485600553
        0.7360000349581242        0.9986939736520211        0.0000000000000011        0.4215438998030605        0.0584255001354076
        0.7380000350531191        0.9986939736520204        0.0000000000000004        0.4216315309189155        0.0586455270594591
        0.7400000351481140        0.9986939736520196       -0.0000000000000004        0.4217190325353695        0.0588652288323971
        0.7420000352431089        0.9986939736520207        0.0000000000000007        0.4218049238599979        0.0590808874346675
        0.7440000353381038        0.9986939736520200       -0.0000000000000001        0.4218901493130304        0.0592948741458791
        0.7460000354330987        0.9986939736520201        0.0000000000000000        0.4219756783812755        0.0595096231835848
        0.7480000355280936        0.9986939736520198       -0.0000000000000002        0.4220640663082768        0.0597315503325388
        0.7500000356230885        0.9986939736520204        0.0000000000000004        0.4221542871366881        0.0599580795872109
        0.7520000357180834        0.9986939736520201        0.0000000000000000        0.4222476536562311        0.0601925071407572
        0.7540000358130783        0.9986939736520202        0.0000000000000002        0.4223433580249797        0.0604328046386103
        0.7560000359080732        0.9986939736520200       -0.0000000000000001        0.4224389592015417        0.0606728430383201
        0.7580000360030681        0.9986939736520188       -0.0000000000000012        0.4225330011883978        0.0609089665761494
        0.7600000360980630        0.9986939736520198       -0.0000000000000002        0.4226255056495641        0.0611412296467821
        0.7620000361930579        0.9986939736520206        0.0000000000000007        0.4227187895951768        0.0613754498711426
        0.7640000362880528        0.9986939736520200       -0.0000000000000001        0.4228160657562722        0.0616196938739779
        0.7660000363830477        0.9986939736520202        0.0000000000000002        0.4229167962696944        0.0618726111717908
        0.7680000364780426        0.9986939736520204        0.0000000000000004        0.4230192324358297        0.0621298110753463
        0.7700000365730375        0.9986939736520209        0.0000000000000009        0.4231241428006519        0.0623932232737156
        0.7720000366680324        0.9986939736520207        0.0000000000000007        0.4232271685971133        0.0626519036393846
        0.7740000367630273        0.9986939736520209        0.0000000000000009        0.4233283271432391        0.0629058956549877
        0.7760000368580222        0.9986939736520200       -0.0000000000000001        0.4234319074087067        0.0631659681986371
        0.7780000369530171        0.9986939736520200       -0.0000000000000001        0.4235385372503997        0.0634336977128728
        0.7800000370480120        0.9986939736520206        0.0000000000000007        0.4236482679667269        0.0637092129993306
        0.7820000371430069        0.9986939736520192       -0.0000000000000009        0.4237594289791985        0.0639883195177164
        0.7840000372380018        0.9986939736520209        0.0000000000000009        0.4238698811593340        0.0642656462778844
        0.7860000373329967        0.9986939736520207        0.0000000000000007        0.4239789879036635        0.0645395948760946
        0.7880000374279916        0.9986939736520205        0.0000000000000004        0.4240870617592246        0.0648109500651442
        0.7900000375229865        0.9986939736520209        0.0000000000000009        0.4241980498606768        0.0650896224331788
        0.7920000376179814        0.9986939736520200       -0.0000000000000001        0.4243131184127714        0.0653785401232639
        0.7940000377129763        0.9986939736520206        0.0000000000000007        0.4244292087444533        0.0656700233292331
        0.7960000378079712        0.9986939736520200       -0.0000000000000001        0.4245467363805014        0.0659651153635908
        0.7980000379029661        0.9986939736520188       -0.0000000000000012        0.4246618677034930        0.0662541906607912
        0.8000000379979610        0.9986939736520204        0.0000000000000004        0.4247751923724746        0.0665387297550600
        0.8020000380929559        0.9986939736520196       -0.0000000000000004        0.4248920485683532        0.0668321359166116
        0.8040000381879508        0.9986939736520200       -0.0000000000000001        0.4250106667394165        0.0671299661001145
        0.8060000382829458        0.9986939736520206        0.0000000000000007        0.4251321261741810        0.0674349302166557
        0.8080000383779407        0.9986939736520209        0.0000000000000009        0.4252527878515927        0.0677378912992886
        0.8100000384729356        0.9986939736520206        0.0000000000000007        0.4253709712559776        0.0680346298571287
        0.8120000385679305        0.9986939736520204        0.0000000000000004        0.4254889356062900        0.0683308184072083
        0.8140000386629254        0.9986939736520205        0.0000000000000004        0.4256087257470160        0.0686315912084951
        0.8160000387579203        0.9986939736520194       -0.0000000000000007        0.4257319897668411        0.0689410863331858
        0.8180000388529152        0.9986939736520209        0.0000000000000009        0.4258566606481379        0.0692541138493009
        0.8200000389479101        0.9986939736520192       -0.0000000000000009        0.4259800355609744        0.0695638874076045
        0.8220000390429050        0.9986939736520200       -0.0000000000000001        0.4261014964400806        0.0698688551506437
        0.8240000391378999        0.9986939736520205        0.0000000000000004        0.4262231296024937        0.0701742554679541
        0.8260000392328948        0.9986939736520212        0.0000000000000011        0.4263478937150037        0.0704875170718915
        0.8280000393278897        0.9986939736520205        0.0000000000000004        0.4264750478436005        0.0708067796023593
        0.8300000394228846        0.9986939736520206        0.0000000000000007        0.4266023124373506        0.0711263194921605
        0.8320000395178795        0.9986939736520206        0.0000000000000007        0.4267287015956067        0.0714436613113671
        0.8340000396128744        0.9986939736520212        0.0000000000000011        0.4268525390238893        0.0717545961678000
        0.8360000397078693        0.9986939736520201        0.0000000000000000        0.4269786900675711        0.0720713401215470
        0.8380000398028642        0.9986939736520200       -0.0000000000000001        0.4271075367713108        0.0723948524221881
        0.8400000398978591        0.9986939736520204        0.0000000000000004        0.4272374003598026        0.0727209179486090
        0.8420000399928540        0.9986939736520192       -0.0000000000000009        0.4273675436912037        0.0730476858622044
        0.8440000400878489        0.9986939736520198       -0.0000000000000002        0.4274936496676988        0.0733643166598609
        0.8460000401828438        0.9986939736520201        0.0000000000000000        0.4276203838448334        0.0736825247631701
        0.8480000402778387        0.9986939736520198       -0.0000000000000002        0.4277499636523108        0.0740078777634170
        0.8500000403728336        0.9986939736520198       -0.0000000000000002        0.4278804779126796        0.0743355770169710
        0.8520000404678285        0.9986939736520206        0.0000000000000007        0.4280119353555016        0.0746656444422864
        0.8540000405628234        0.9986939736520204        0.0000000000000004        0.4281407916254242        0.0749891807619962
        0.8560000406578183        0.9986939736520206        0.0000000000000007        0.4282686396228003        0.0753101854797191
        0.8580000407528132        0.9986939736520211        0.0000000000000011        0.4283990035320234        0.0756375072269523
        0.8600000408478081        0.9986939736520201        0.0000000000000000        0.4285313043177867        0.0759696921438858
        0.8620000409428030        0.9986939736520204        0.0000000000000004        0.4286649535154872        0.0763052626953393
        0.8640000410377979        0.9986939736520200       -0.0000000000000001        0.4287963286816661        0.0766351235379070
        0.8660000411327928        0.9986939736520198       -0.0000000000000002        0.4289254154170462        0.0769592385174366
        0.8680000412277877        0.9986939736520204        0.0000000000000004        0.4290562087234342        0.0772876384083917
        0.8700000413227826        0.9986939736520211        0.0000000000000011        0.4291887391978273        0.0776204000346618
        0.8720000414177775        0.9986939736520207        0.0000000000000007        0.4293233157204995        0.0779582989424206
        0.8740000415127724        0.9986939736520211        0.0000000000000011        0.4294566769819681        0.0782931465346512
        0.8760000416077673        0.9986939736520204        0.0000000000000004        0.4295877019158153        0.0786221280030160
        0.8780000417027622        0.9986939736520206        0.0000000000000007        0.4297207215059425        0.0789561177162440
        0.8800000417977571        0.9986939736520195       -0.0000000000000006        0.4298562478756812        0.0792964015294818
        0.8820000418927521        0.9986939736520206        0.0000000000000007        0.4299939026457484        0.0796420293962888
        0.8840000419877470        0.9986939736520205        0.0000000000000004        0.4301300575827454        0.0799838914356974
        0.8860000420827419        0.9986939736520201        0.0000000000000000        0.4302641375960574        0.0803205436923527
        0.8880000421777368        0.9986939736520204        0.0000000000000004        0.4303990943999678        0.0806593974220408
        0.8900000422727317        0.9986939736520200       -0.0000000000000001        0.4305369444869927        0.0810055156967239
        0.8920000423677266        0.9986939736520200       -0.0000000000000001        0.4306752559579485        0.0813527924284931
        0.8940000424627215        0.9986939736520204        0.0000000000000004        0.4308118905929113        0.0816958589084347
        0.8960000425577164        0.9986939736520196       -0.0000000000000004        0.4309468863396111        0.0820348104168865
        0.8980000426527113        0.9986939736520195       -0.0000000000000006        0.4310831685449978        0.0823769920057161
        0.9000000427477062        0.9986939736520196       -0.0000000000000004        0.4312223273244784        0.0827263961860133
        0.9020000428427011        0.9986939736520198       -0.0000000000000002        0.4313619337421561        0.0830769243101817
        0.9040000429376960        0.9986939736520198       -0.0000000000000002        0.4315000072056905        0.0834236034455343
        0.9060000430326909        0.9986939736520204        0.0000000000000004        0.4316353790417081        0.0837634992507116
        0.9080000431276858        0.9986939736520196       -0.0000000000000004        0.4317737485318294        0.0841109216588014
        0.9100000432226807        0.9986939736520200       -0.0000000000000001        0.4319149536626627        0.0844654638815539
        0.9120000433176756        0.9986939736520204        0.0000000000000004        0.4320555517383326        0.0848184818913708
        0.9140000434126705        0.9986939736520205        0.0000000000000004        0.4321940903478718        0.0851663289297411
        0.9160000435076654        0.9986939736520206        0.0000000000000007        0.4323318505804076        0.0855122215949858
        0.9180000436026603        0.9986939736520200       -0.0000000000000001        0.4324732673223651        0.0858672951375131
        0.9200000436976552        0.9986939736520198       -0.0000000000000002        0.4326152679340009        0.0862238346781408
        0.9220000437926501        0.9986939736520204        0.0000000000000004        0.4327564497662394        0.0865783184020588
        0.9240000438876450        0.9986939736520201        0.0000000000000000        0.4328957815107948        0.0869281568684311
        0.9260000439826399        0.9986939736520206        0.0000000000000007        0.4330341522811556        0.0872755824909860
        0.9280000440776348        0.9986939736520196       -0.0000000000000004        0.4331731932401182        0.0876246908438717
        0.9300000441726297        0.9986939736520200       -0.0000000000000001        0.4333135293986911        0.0879770512241167
        0.9320000442676246        0.9986939736520192       -0.0000000000000009        0.4334539237878718        0.0883295578115785
        0.9340000443626195        0.9986939736520198       -0.0000000000000002        0.4335906400751153        0.0886728293065994
        0.9360000444576144        0.9986939736520204        0.0000000000000004        0.4337287653264048        0.0890196384722536
        0.9380000445526093        0.9986939736520202        0.0000000000000002        0.4338706757443784        0.0893759515518364
        0.9400000446476042        0.9986939736520204        0.0000000000000004        0.4340124043502763        0.0897318081320196
        0.9420000447425991        0.9986939736520194       -0.0000000000000007        0.4341527894632028        0.0900842914283742
        0.9440000448375940        0.9986939736520207        0.0000000000000007        0.4342911492621993        0.0904316895036873
        0.9460000449325889        0.9986939736520198       -0.0000000000000002        0.4344315263856419        0.0907841527397978
        0.9480000450275838        0.9986939736520205        0.0000000000000004        0.4345710409592279        0.0911344502589720
        0.9500000451225787        0.9986939736520204        0.0000000000000004        0.4347112224531220        0.0914864223023438
        0.9520000452175736        0.9986939736520196       -0.0000000000000004        0.4348481722207521        0.0918302800271619
        0.9540000453125685        0.9986939736520204        0.0000000000000004        0.4349833047514061        0.0921695749770090
        0.9560000454075634        0.9986939736520201        0.0000000000000000        0.4351208706784675        0.0925149797740411
        0.9580000455025584        0.9986939736520201        0.0000000000000000        0.4352582829107554        0.0928599986694681
        0.9600000455975533        0.9986939736520205        0.0000000000000004        0.4353936923736200        0.0931999889493000
        0.9620000456925482        0.9986939736520204        0.0000000000000004        0.4355269794798219        0.0935346503501868
        0.9640000457875431        0.9986939736520201        0.0000000000000000        0.4356632509142248        0.0938768048948961
        0.9660000458825380        0.9986939736520202        0.0000000000000002        0.4357999042157193        0.0942199182433445
        0.9680000459775329        0.9986939736520198       -0.0000000000000002        0.4359369205314000        0.0945639430590726
        0.9700000460725278        0.9986939736520206        0.0000000000000007        0.4360717348276279        0.0949024389760509
        0.9720000461675227        0.9986939736520201        0.0000000000000000        0.4362041799881662        0.0952349863936478
        0.9740000462625176        0.9986939736520206        0.0000000000000007        0.4363386416186774        0.0955725968266048
        0.9760000463575125        0.9986939736520200       -0.0000000000000001        0.4364731986733736        0.0959104468535655
        0.9780000464525074        0.9986939736520201        0.0000000000000000        0.4366049696300850        0.0962413014592796
        0.9800000465475023        0.9986939736520205        0.0000000000000004        0.4367330588152598        0.0965629117588092
        0.9820000466424972        0.9986939736520196       -0.0000000000000004        0.4368618980467870        0.0968864052979876
        0.9840000467374921        0.9986939736520209        0.0000000000000009        0.4369897798501827        0.0972074948969132
        0.9860000468324870        0.9986939736520202        0.0000000000000002        0.4371178016709596        0.0975289360558228
        0.9880000469274819        0.9986939736520206        0.0000000000000007        0.4372439195318337        0.0978455966931469
        0.9900000470224768        0.9986939736520205        0.0000000000000004        0.4373694148159351        0.0981606941453973
        0.9920000471174717        0.9986939736520200       -0.0000000000000001        0.4374981098599912        0.0984838256542002
        0.9940000472124666        0.9986939736520204        0.0000000000000004        0.4376276358424123        0.0988090435088260
        0.9960000473074615        0.9986939736520204        0.0000000000000004        0.4377542305806172        0.0991269015045453
        0.9980000474024564        0.9986939736520209        0.0000000000000009        0.4378794183821985        0.0994412269201458
        1.0000000474974513        0.9986939736520202        0.0000000000000002        0.4380061921981807        0.0997595345499033
