        0.0000000000000000        0.0235146267989154       -0.9440811309463473       -0.9205665041474318
        0.0020000000949949        0.0235203092822985       -0.9440811309463473       -0.9205608216640487
        0.0040000001899898        0.0235302823556597       -0.9440809094035381       -0.9205506270478783
        0.0060000002849847        0.0235445390704194       -0.9440852082137785       -0.9205406691433591
        0.0080000003799796        0.0235630716897230       -0.9440940278141859       -0.9205309561244629
        0.0100000004749745        0.0235858714544737       -0.9441073686926451       -0.9205214972381714
        0.0120000005699694        0.0236129305576721       -0.9441252311915286       -0.9205123006338565
        0.0140000006649643        0.0236442392591410       -0.9441476157194711       -0.9205033764603301
        0.0160000007599592        0.0236798707435774       -0.9441745230192480       -0.9204946522756706
        0.0180000008549541        0.0237199340231517       -0.9442059540015657       -0.9204860199784139
        0.0200000009499490        0.0237645138479512       -0.9442419102310509       -0.9204773963830997
        0.0220000010449439        0.0238136397642307       -0.9442823939485787       -0.9204687541843480
        0.0240000011399388        0.0238673140363783       -0.9443274073256760       -0.9204600932892977
        0.0260000012349337        0.0239255276563993       -0.9443769526389937       -0.9204514249825944
        0.0280000013299286        0.0239882658486301       -0.9444310323357925       -0.9204427664871624
        0.0300000014249235        0.0240555110759880       -0.9444896490506368       -0.9204341379746489
        0.0320000015199184        0.0241272443233537       -0.9445528056952324       -0.9204255613718786
        0.0340000016149133        0.0242034460042394       -0.9446205052996638       -0.9204170592954244
        0.0360000017099082        0.0242841055156535       -0.9446927509938258       -0.9204086454781722
        0.0380000018049031        0.0243692750546989       -0.9447695459959350       -0.9204002709412361
        0.0400000018998981        0.0244589791868697       -0.9448508937371399       -0.9203919145502703
        0.0420000019948930        0.0245532311156533       -0.9449367982151070       -0.9203835670994537
        0.0440000020898879        0.0246520371103568       -0.9450272637600000       -0.9203752266496432
        0.0460000021848828        0.0247554141856886       -0.9451222950957783       -0.9203668809100897
        0.0480000022798777        0.0248633710834662       -0.9452218971936723       -0.9203585261102061
        0.0500000023748726        0.0249759070741007       -0.9453260749999296       -0.9203501679258289
        0.0520000024698675        0.0250930161093284       -0.9454348336544136       -0.9203418175450853
        0.0540000025648624        0.0252146895718147       -0.9455481786222744       -0.9203334890504596
        0.0560000026598573        0.0253409178971042       -0.9456661154386062       -0.9203251975415020
        0.0580000027548522        0.0254716931376065       -0.9457886497092929       -0.9203169565716863
        0.0600000028498471        0.0256070550741108       -0.9459157874341506       -0.9203087323600398
        0.0620000029448420        0.0257470253914976       -0.9460475347228153       -0.9203005093313177
        0.0640000030398369        0.0258916167671685       -0.9461838981256812       -0.9202922813585127
        0.0660000031348318        0.0260408367627473       -0.9463248847225844       -0.9202840479598371
        0.0680000032298267        0.0261946902316136       -0.9464705018495577       -0.9202758116179441
        0.0700000033248216        0.0263531806350539       -0.9466207568726838       -0.9202675762376298
        0.0720000034198165        0.0265163151755869       -0.9467756574671371       -0.9202593422915502
        0.0740000035148114        0.0266841020871371       -0.9469352116195127       -0.9202511095323755
        0.0760000036098063        0.0268565415332691       -0.9470994273720446       -0.9202428858387754
        0.0780000037048012        0.0270336309509041       -0.9472683130355856       -0.9202346820846814
        0.0800000037997961        0.0272153657040449       -0.9474418769831318       -0.9202265112790869
        0.0820000038947910        0.0274017698294717       -0.9476201277264359       -0.9202183578969642
        0.0840000039897859        0.0275928730876051       -0.9478030741214205       -0.9202102010338153
        0.0860000040847808        0.0277886920967191       -0.9479907253718287       -0.9202020332751096
        0.0880000041797757        0.0279892382630904       -0.9481830909941004       -0.9201938527310100
        0.0900000042747706        0.0281945219568763       -0.9483801808466185       -0.9201856588897421
        0.0920000043697655        0.0284045501223660       -0.9485820051033329       -0.9201774549809669
        0.0940000044647604        0.0286193295110354       -0.9487885741316596       -0.9201692446206242
        0.0960000045597553        0.0288388643603602       -0.9489998986782604       -0.9201610343179002
        0.0980000046547502        0.0290631580389251       -0.9492159897045173       -0.9201528316655921
        0.1000000047497451        0.0292922168908691       -0.9494368585868317       -0.9201446416959626
        0.1020000048447400        0.0295260431132218       -0.9496625165617681       -0.9201364734485463
        0.1040000049397349        0.0297646475318015       -0.9498929752172010       -0.9201283276853995
        0.1060000050347298        0.0300080671774148       -0.9501282462803919       -0.9201201791029772
        0.1080000051297247        0.0302563236599907       -0.9503683417015085       -0.9201120180415179
        0.1100000052247196        0.0305094334790829       -0.9506132738859564       -0.9201038404068735
        0.1120000053197145        0.0307674099456794       -0.9508630555607315       -0.9200956456150521
        0.1140000054147094        0.0310302644944200       -0.9511176996292001       -0.9200874351347802
        0.1160000055097044        0.0312980078191107       -0.9513772193731943       -0.9200792115540836
        0.1180000056046993        0.0315706478857513       -0.9516416284448365       -0.9200709805590852
        0.1200000056996942        0.0318481932456915       -0.9519109407448741       -0.9200627474991826
        0.1220000057946891        0.0321306493971053       -0.9521851703607059       -0.9200545209636006
        0.1240000058896840        0.0324180245216650       -0.9524643318571729       -0.9200463073355080
        0.1260000059846789        0.0327103263213505       -0.9527484399242836       -0.9200381136029331
        0.1280000060796738        0.0330075856876374       -0.9530375093498925       -0.9200299236622551
        0.1300000061746687        0.0333098322852605       -0.9533315553651499       -0.9200217230798894
        0.1320000062696636        0.0336170891035943       -0.9536305933623020       -0.9200135042587078
        0.1340000063646585        0.0339293734929660       -0.9539346392370440       -0.9200052657440780
        0.1360000064596534        0.0342467026571441       -0.9542437092052732       -0.9199970065481291
        0.1380000065546483        0.0345690902971617       -0.9545578197807417       -0.9199887294835800
        0.1400000066496432        0.0348965488844295       -0.9548769878405259       -0.9199804389560964
        0.1420000067446381        0.0352290914502263       -0.9552012304054723       -0.9199721389552460
        0.1440000068396330        0.0355667269347406       -0.9555305647179172       -0.9199638377831766
        0.1460000069346279        0.0359094668423877       -0.9558650084347804       -0.9199555415923927
        0.1480000070296228        0.0362573196492554       -0.9562045796939803       -0.9199472600447249
        0.1500000071246177        0.0366103025732252       -0.9565492967336304       -0.9199389941604053
        0.1520000072196126        0.0369684590222848       -0.9568991781155350       -0.9199307190932502
        0.1540000073146075        0.0373318208165195       -0.9572542426083687       -0.9199224217918491
        0.1560000074096024        0.0377004100017290       -0.9576145097355062       -0.9199140997337772
        0.1580000075045973        0.0380742468486991       -0.9579799991359884       -0.9199057522872893
        0.1600000075995922        0.0384533489703155       -0.9583507305711308       -0.9198973816008154
        0.1620000076945871        0.0388377318462895       -0.9587267244931639       -0.9198889926468744
        0.1640000077895820        0.0392274125943137       -0.9591080017621811       -0.9198805891678674
        0.1660000078845769        0.0396224068682142       -0.9594945831082012       -0.9198721762399870
        0.1680000079795718        0.0400227291852713       -0.9598864900297778       -0.9198637608445064
        0.1700000080745667        0.0404283926131980       -0.9602837441674612       -0.9198553515542632
        0.1720000081695616        0.0408394095190423       -0.9606863673058557       -0.9198469577868134
        0.1740000082645565        0.0412558174466045       -0.9610943817229850       -0.9198385642763804
        0.1760000083595514        0.0416776558066759       -0.9615078101922677       -0.9198301543855918
        0.1780000084545463        0.0421049561714085       -0.9619266758078180       -0.9198217196364096
        0.1800000085495412        0.0425377449609187       -0.9623510021456810       -0.9198132571847623
        0.1820000086445361        0.0429760480120505       -0.9627808130038591       -0.9198047649918085
        0.1840000087395310        0.0434198898594810       -0.9632161325881867       -0.9197962427287057
        0.1860000088345259        0.0438692884034371       -0.9636569855366809       -0.9197876971332437
        0.1880000089295208        0.0443242617908003       -0.9641033968822044       -0.9197791350914041
        0.1900000090245157        0.0447848291066390       -0.9645553922377071       -0.9197705631310681
        0.1920000091195107        0.0452510079136052       -0.9650129972842065       -0.9197619893706013
        0.1940000092145056        0.0457228146388261       -0.9654762381496842       -0.9197534235108581
        0.1960000093095005        0.0462002767123451       -0.9659451412221725       -0.9197448645098274
        0.1980000094044954        0.0466834425250961       -0.9664197335480915       -0.9197362910229954
        0.2000000094994903        0.0471723465871584       -0.9669000425390621       -0.9197276959519037
        0.2020000095944852        0.0476670221380110       -0.9673860957481112       -0.9197190736101002
        0.2040000096894801        0.0481675008162487       -0.9678779213515617       -0.9197104205353129
        0.2060000097844750        0.0486738111393343       -0.9683755483779133       -0.9197017372385790
        0.2080000098794699        0.0491859820082291       -0.9688790058799822       -0.9196930238717531
        0.2100000099744648        0.0497040385493239       -0.9693883232808744       -0.9196842847315505
        0.2120000100694597        0.0502280071860918       -0.9699035303652122       -0.9196755231791204
        0.2140000101644546        0.0507579115233375       -0.9704246581110754       -0.9196667465877378
        0.2160000102594495        0.0512937683911424       -0.9709517372543282       -0.9196579688631857
        0.2180000103544444        0.0518355997440368       -0.9714847986223905       -0.9196491988783536
        0.2200000104494393        0.0523834580622246       -0.9720238743693022       -0.9196404163070775
        0.2220000105444342        0.0529373856965138       -0.9725689966823400       -0.9196316109858262
        0.2240000106394291        0.0534974207509655       -0.9731201977100721       -0.9196227769591065
        0.2260000107344240        0.0540636005219504       -0.9736775112473582       -0.9196139107254079
        0.2280000108294189        0.0546359600017651       -0.9742409709307609       -0.9196050109289958
        0.2300000109244138        0.0552145307856934       -0.9748106109888444       -0.9195960802031510
        0.2320000110194087        0.0557993453546091       -0.9753864663103459       -0.9195871209557367
        0.2340000111144036        0.0563904359298192       -0.9759685721708001       -0.9195781362409809
        0.2360000112093985        0.0569878337646287       -0.9765569639098769       -0.9195691301452482
        0.2380000113043934        0.0575915657925960       -0.9771516779193827       -0.9195601121267867
        0.2400000113993883        0.0582016648747484       -0.9777527508150804       -0.9195510859403320
        0.2420000114943832        0.0588181735251277       -0.9783602201140650       -0.9195420465889372
        0.2440000115893781        0.0594411430209043       -0.9789741238265584       -0.9195329808056540
        0.2460000116843730        0.0600706175490170       -0.9795945003372234       -0.9195238827882064
        0.2480000117793679        0.0607066385978399       -0.9802213883463664       -0.9195147497485265
        0.2500000118743628        0.0613492443740997       -0.9808548270191949       -0.9195055826450952
        0.2520000119693577        0.0619984788060730       -0.9814948562130219       -0.9194963774069489
        0.2540000120643526        0.0626543759433314       -0.9821415173436648       -0.9194871414003334
        0.2560000121593475        0.0633169756840697       -0.9827948516128021       -0.9194778759287324
        0.2580000122543424        0.0639863148467801       -0.9834549010964975       -0.9194685862497174
        0.2600000123493373        0.0646624274477001       -0.9841217079825026       -0.9194592805348025
        0.2620000124443322        0.0653453495547129       -0.9847953149752214       -0.9194499654205086
        0.2640000125393271        0.0660351320240209       -0.9854757660805753       -0.9194406340565544
        0.2660000126343220        0.0667318404076252       -0.9861631058738158       -0.9194312654661906
        0.2680000127293169        0.0674355268151943       -0.9868573794681450       -0.9194218526529506
        0.2700000128243119        0.0681462337451155       -0.9875586323347345       -0.9194123985896190
        0.2720000129193068        0.0688640068014701       -0.9882669104380305       -0.9194029036365604
        0.2740000130143017        0.0695888915533093       -0.9889822607360631       -0.9193933691827538
        0.2760000131092966        0.0703209342291780       -0.9897047313581989       -0.9193837971290209
        0.2780000132042915        0.0710601775354216       -0.9904343708577332       -0.9193741933223116
        0.2800000132992864        0.0718066671532358       -0.9911712276199625       -0.9193645604667267
        0.2820000133942813        0.0725604446393551       -0.9919153514593724       -0.9193549068200173
        0.2840000134892762        0.0733215527331249       -0.9926667932210427       -0.9193452404879178
        0.2860000135842711        0.0740900456701657       -0.9934256037098461       -0.9193355580396805
        0.2880000136792660        0.0748660015077766       -0.9941918340782490       -0.9193258325704724
        0.2900000137742609        0.0756494807746045       -0.9949655372698166       -0.9193160564952121
        0.2920000138692558        0.0764405405773905       -0.9957467677709603       -0.9193062271935697
        0.2940000139642507        0.0772392392832201       -0.9965355793573379       -0.9192963400741179
        0.2960000140592456        0.0780456215000604       -0.9973320266033047       -0.9192864051032443
        0.2980000141542405        0.0788597381509738       -0.9981361651056642       -0.9192764269546904
        0.3000000142492354        0.0796816413898600       -0.9989480526814326       -0.9192664112915726
        0.3020000143442303        0.0805113815807254       -0.9997677463219408       -0.9192563647412154
        0.3040000144392252        0.0813490082340772       -1.0005953039418289       -0.9192462957077517
        0.3060000145342201        0.0821945766977625       -1.0014307850061339       -0.9192362083083714
        0.3080000146292150        0.0830481514621072       -1.0022742497202277       -0.9192260982581205
        0.3100000147242099        0.0839098165685525       -1.0031257577900403       -0.9192159412214878
        0.3120000148192048        0.0847796435754800       -1.0039853714751965       -0.9192057278997164
        0.3140000149141997        0.0856576963656780       -1.0048531545444208       -0.9191954581787427
        0.3160000150091946        0.0865440473209178       -1.0057291692852992       -0.9191851219643814
        0.3180000151041895        0.0874387582356864       -1.0066134804153559       -0.9191747221796696
        0.3200000151991844        0.0883418850387484       -1.0075061540327301       -0.9191642689939817
        0.3220000152941793        0.0892534862595601       -1.0084072562394324       -0.9191537699798723
        0.3240000153891742        0.0901736185045945       -1.0093168549474825       -0.9191432364428880
        0.3260000154841691        0.0911023442010412       -1.0102350190990352       -0.9191326748979940
        0.3280000155791640        0.0920397245543636       -1.0111618170257970       -0.9191220924714334
        0.3300000156741589        0.0929858467307637       -1.0120973192631895       -0.9191114725324258
        0.3320000157691538        0.0939408004075042       -1.0130415975316271       -0.9191007971241230
        0.3340000158641487        0.0949046654193199       -1.0139947243648850       -0.9190900589455651
        0.3360000159591436        0.0958775188116938       -1.0149567732454410       -0.9190792544337472
        0.3380000160541385        0.0968594351131483       -1.0159278196578962       -0.9190683845447479
        0.3400000161491334        0.0978504936246924       -1.0169079387483968       -0.9190574451237044
        0.3420000162441283        0.0988507704473223       -1.0178972076876311       -0.9190464372403088
        0.3440000163391232        0.0998603345516214       -1.0188957046990490       -0.9190353701474276
        0.3460000164341182        0.1008792485017929       -1.0199035103271805       -0.9190242618253877
        0.3480000165291131        0.1019075821589497       -1.0209207051748845       -0.9190131230159349
        0.3500000166241080        0.1029454193172226       -1.0219473695399499       -0.9190019502227272
        0.3520000167191029        0.1039928651120722       -1.0229835870421196       -0.9189907219300474
        0.3540000168140978        0.1050500148976058       -1.0240294424069321       -0.9189794275093262
        0.3560000169090927        0.1061169603878628       -1.0250850214357810       -0.9189680610479182
        0.3580000170040876        0.1071937907318223       -1.0261504101130989       -0.9189566193812766
        0.3600000170990825        0.1082805892770775       -1.0272256973348146       -0.9189451080577371
        0.3620000171940774        0.1093774544162330       -1.0283109724157931       -0.9189335179995601
        0.3640000172890723        0.1104844649710689       -1.0294063263662241       -0.9189218613951552
        0.3660000173840672        0.1116017140978603       -1.0305118523052701       -0.9189101382074099
        0.3680000174790621        0.1127292818008174       -1.0316276438113003       -0.9188983620104829
        0.3700000175740570        0.1138672518698355       -1.0327537946732912       -0.9188865428034556
        0.3720000176690519        0.1150157377686922       -1.0338904036903263       -0.9188746659216340
        0.3740000177640468        0.1161748552423818       -1.0350375689787878       -0.9188627137364060
        0.3760000178590417        0.1173447077512495       -1.0361953899797423       -0.9188506822284928
        0.3780000179540366        0.1185254015279021       -1.0373639671795996       -0.9188385656516974
        0.3800000180490315        0.1197170356252313       -1.0385434033593901       -0.9188263677341588
        0.3820000181440264        0.1209197168318675       -1.0397338028637662       -0.9188140860318986
        0.3840000182390213        0.1221335423085231       -1.0409352750331655       -0.9188017327246424
        0.3860000183340162        0.1233586218862458       -1.0421479252840622       -0.9187893033978164
        0.3880000184290111        0.1245950502513774       -1.0433718629069662       -0.9187768126555887
        0.3900000185240060        0.1258429418690724       -1.0446071990512549       -0.9187642571821825
        0.3920000186190009        0.1271024270074297       -1.0458540473337130       -0.9187516203262833
        0.3940000187139958        0.1283736308563029       -1.0471125242600574       -0.9187388934037545
        0.3960000188089907        0.1296566703015759       -1.0483827457347183       -0.9187260754331424
        0.3980000189039856        0.1309516654895643       -1.0496648286889723       -0.9187131631994080
        0.4000000189989805        0.1322587356356230       -1.0509588944307893       -0.9187001587951662
        0.4020000190939754        0.1335780034235391       -1.0522650659475603       -0.9186870625240212
        0.4040000191889703        0.1349095814466883       -1.0535834691155870       -0.9186738876688987
        0.4060000192839652        0.1362535967766585       -1.0549142283633866       -0.9186606315867281
        0.4080000193789601        0.1376101686945659       -1.0562574701649141       -0.9186473014703482
        0.4100000194739550        0.1389794254982827       -1.0576133279487656       -0.9186339024504829
        0.4120000195689499        0.1403615395802137       -1.0589819352098231       -0.9186203956296093
        0.4140000196639448        0.1417566490714759       -1.0603634270995552       -0.9186067780280793
        0.4160000197589397        0.1431648969298977       -1.0617579365381824       -0.9185930396082846
        0.4180000198539346        0.1445864088894706       -1.0631656031639596       -0.9185791942744890
        0.4200000199489295        0.1460213294273534       -1.0645865734888937       -0.9185652440615404
        0.4220000200439245        0.1474697982011658       -1.0660209906097637       -0.9185511924085978
        0.4240000201389194        0.1489319498227480       -1.0674689975822977       -0.9185370477595498
        0.4260000202339143        0.1504079308973796       -1.0689307416256120       -0.9185228107282324
        0.4280000203289092        0.1518978716591973       -1.0704063792589817       -0.9185085075997844
        0.4300000204239041        0.1534019588725009       -1.0718960621530464       -0.9184941032805456
        0.4320000205188990        0.1549203731481227       -1.0733999460205950       -0.9184795728724722
        0.4340000206138939        0.1564532914295937       -1.0749181882489693       -0.9184648968193756
        0.4360000207088888        0.1580008638629136       -1.0764509529716240       -0.9184500891087104
        0.4380000208038837        0.1595632470903948       -1.0779984035560408       -0.9184351564656460
        0.4400000208988786        0.1611406061733890       -1.0795607071305799       -0.9184201009571910
        0.4420000209938735        0.1627331012420552       -1.0811380325419284       -0.9184049312998732
        0.4440000210888684        0.1643408878733387       -1.0827305522644042       -0.9183896643910655
        0.4460000211838633        0.1659641378877085       -1.0843384438047503       -0.9183743059170418
        0.4480000212788582        0.1676030397958056       -1.0859618846861754       -0.9183588448903698
        0.4500000213738531        0.1692577975048675       -1.0876010556999531       -0.9183432581950857
        0.4520000214688480        0.1709286228187403       -1.0892561415267632       -0.9183275187080229
        0.4540000215638429        0.1726157086452975       -1.0909273299329818       -0.9183116212876843
        0.4560000216588378        0.1743192541486525       -1.0926148117397927       -0.9182955575911401
        0.4580000217538327        0.1760394304680316       -1.0943187835535064       -0.9182793530854748
        0.4600000218488276        0.1777764246552394       -1.0960394389407160       -0.9182630142854765
        0.4620000219438225        0.1795304212607095       -1.0977769789734864       -0.9182465577127769
        0.4640000220388174        0.1813016161394615       -1.0995316128907586       -0.9182299967512971
        0.4660000221338123        0.1830902265884289       -1.1013035462052367       -0.9182133196168079
        0.4680000222288072        0.1848964979816064       -1.1030929862232393       -0.9181964882416329
        0.4700000223238021        0.1867206535452484       -1.1049001522296493       -0.9181794986844010
        0.4720000224187970        0.1885629294497272       -1.1067252625116755       -0.9181623330619483
        0.4740000225137919        0.1904235483713131       -1.1085685364833087       -0.9181449881119956
        0.4760000226087868        0.1923027370231117       -1.1104302028652679       -0.9181274658421562
        0.4780000227037817        0.1942007031328163       -1.1123104885607067       -0.9181097854278903
        0.4800000227987766        0.1961176555065376       -1.1142096316663155       -0.9180919761597779
        0.4820000228937715        0.1980538249525771       -1.1161278709371705       -0.9180740459845933
        0.4840000229887664        0.2000094871936953       -1.1180654438894098       -0.9180559566957145
        0.4860000230837613        0.2019848982247403       -1.1200225988299188       -0.9180377006051785
        0.4880000231787562        0.2039803263315283       -1.1219995874216142       -0.9180192610900859
        0.4900000232737511        0.2059960315085381       -1.1239966588096053       -0.9180006273010672
        0.4920000233687460        0.2080322712139936       -1.1260140769759845       -0.9179818057619910
        0.4940000234637409        0.2100893142489579       -1.1280521025532806       -0.9179627883043227
        0.4960000235587358        0.2121674042783727       -1.1301110074469045       -0.9179436031685319
        0.4980000236537308        0.2142667944770695       -1.1321910605870560       -0.9179242661099865
        0.5000000237487257        0.2163877696220965       -1.1342925385091940       -0.9179047688870975
        0.5020000238437206        0.2185306386073160       -1.1364157251317537       -0.9178850865244377
        0.5040000239387155        0.2206957119649146       -1.1385609068144973       -0.9178651948495826
        0.5060000240337104        0.2228832657453169       -1.1407283690999490       -0.9178451033546321
        0.5080000241287053        0.2250936012603270       -1.1429184115534239       -0.9178248102930968
        0.5100000242237002        0.2273270126880352       -1.1451313340158615       -0.9178043213278264
        0.5120000243186951        0.2295837972230783       -1.1473674447941657       -0.9177836475710874
        0.5140000244136900        0.2318642629712329       -1.1496270524270249       -0.9177627894557919
        0.5160000245086849        0.2341687273212284       -1.1519104770347768       -0.9177417497135484
        0.5180000246036798        0.2364975530134670       -1.1542180410424896       -0.9177204880290226
        0.5200000246986747        0.2388510558380137       -1.1565500609859125       -0.9176990051478988
        0.5220000247936696        0.2412295777439990       -1.1589068667696201       -0.9176772890256211
        0.5240000248886645        0.2436334453945364       -1.1612887943913128       -0.9176553489967765
        0.5260000249836594        0.2460629709971973       -1.1636961861409019       -0.9176332151437046
        0.5280000250786543        0.2485185107295098       -1.1661293878098928       -0.9176108770803830
        0.5300000251736492        0.2510003851570660       -1.1685887577243983       -0.9175883725673324
        0.5320000252686441        0.2535090284260244       -1.1710746551581515       -0.9175656267321270
        0.5340000253636390        0.2560447982860241       -1.1735874326997526       -0.9175426344137285
        0.5360000254586339        0.2586080625678183       -1.1761274580666496       -0.9175193954988314
        0.5380000255536288        0.2611991737042934       -1.1786951055592381       -0.9174959318549447
        0.5400000256486237        0.2638185123717370       -1.1812907566407744       -0.9174722442690374
        0.5420000257436186        0.2664664310358715       -1.1839147900406914       -0.9174483590048199
        0.5440000258386135        0.2691432933258291       -1.1865675950898218       -0.9174243017639927
        0.5460000259336084        0.2718495278549887       -1.1892495623694179       -0.9174000345144293
        0.5480000260286033        0.2745855708817671       -1.1919610865693344       -0.9173755156875674
        0.5500000261235982        0.2773518564300296       -1.1947025758903065       -0.9173507194602769
        0.5520000262185931        0.2801487515486023       -1.1974744417659500       -0.9173256902173477
        0.5540000263135880        0.2829766520497060       -1.2002770875530708       -0.9173004355033649
        0.5560000264085829        0.2858359374351734       -1.2031109263456954       -0.9172749889105219
        0.5580000265035778        0.2887270051356646       -1.2059763873138178       -0.9172493821781532
        0.5600000265985727        0.2916503045809564       -1.2088738881470416       -0.9172235835660851
        0.5620000266935676        0.2946063192719593       -1.2118038506338720       -0.9171975313619127
        0.5640000267885625        0.2975954759205486       -1.2147667113435998       -0.9171712354230512
        0.5660000268835574        0.3006182268573317       -1.2177629090279747       -0.9171446821706429
        0.5680000269785523        0.3036749475013805       -1.2207928720498189       -0.9171179245484384
        0.5700000270735472        0.3067660443221349       -1.2238570398954232       -0.9170909955732882
        0.5720000271685421        0.3098919108650998       -1.2269558640627904       -0.9170639531976907
        0.5740000272635370        0.3130530572639531       -1.2300897783613349       -0.9170367210973818
        0.5760000273585320        0.3162499393739444       -1.2332592250121608       -0.9170092856382164
        0.5780000274535269        0.3194830014237294       -1.2364646538659654       -0.9169816524422360
        0.5800000275485218        0.3227526904743218       -1.2397065034560810       -0.9169538129817592
        0.5820000276435167        0.3260594148824433       -1.2429852169013513       -0.9169258020189079
        0.5840000277385116        0.3294035304699485       -1.2463012403386480       -0.9168977098686995
        0.5860000278335065        0.3327854868379855       -1.2496550141664102       -0.9168695273284247
        0.5880000279285014        0.3362057637725815       -1.2530469707832055       -0.9168412070106240
        0.5900000280234963        0.3396647717074603       -1.2564775470432441       -0.9168127753357838
        0.5920000281184912        0.3431629237932144       -1.2599471726788907       -0.9167842488856762
        0.5940000282134861        0.3467006083277222       -1.2634562598145151       -0.9167556514867929
        0.5960000283084810        0.3502782106477329       -1.2670052327208949       -0.9167270220731620
        0.5980000284034759        0.3538961222942224       -1.2705944914971927       -0.9166983692029703
        0.6000000284984708        0.3575547456043096       -1.2742244215153187       -0.9166696759110091
        0.6020000285934657        0.3612544429950972       -1.2778954204434303       -0.9166409774483331
        0.6040000286884606        0.3649955354202559       -1.2816078828461619       -0.9166123474259060
        0.6060000287834555        0.3687783476690127       -1.2853621467588472       -0.9165837990898345
        0.6080000288784504        0.3726031342567026       -1.2891585418204252       -0.9165554075637226
        0.6100000289734453        0.3764703000302481       -1.2929974142414162       -0.9165271142111682
        0.6120000290684402        0.3803801062654425       -1.2968790742884795       -0.9164989680230370
        0.6140000291634351        0.3843328075279538       -1.3008037839735300       -0.9164709764455763
        0.6160000292584300        0.3883285554495597       -1.3047718065590150       -0.9164432511094553
        0.6180000293534249        0.3923675090802780       -1.3087833978878829       -0.9164158888076049
        0.6200000294484198        0.3964498626020641       -1.3128387378756647       -0.9163888752736007
        0.6220000295434147        0.4005757991474224       -1.3169379939824442       -0.9163621948350218
        0.6240000296384096        0.4047454372302128       -1.3210813143241902       -0.9163358770939773
        0.6260000297334045        0.4089587508192063       -1.3252688175650513       -0.9163100667458450
        0.6280000298283994        0.4132156674834023       -1.3295005357758538       -0.9162848682924515
        0.6300000299233943        0.4175161533787366       -1.3337764894530382       -0.9162603360743016
        0.6320000300183892        0.4218601904468661       -1.3380966760761035       -0.9162364856292373
        0.6340000301133841        0.4262476416635734       -1.3424609906939962       -0.9162133490304227
        0.6360000302083790        0.4306783030049579       -1.3468692877105475       -0.9161909847055896
        0.6380000303033739        0.4351518173157146       -1.3513213996890616       -0.9161695823733470
        0.6400000303983688        0.4396678308377632       -1.3558170643539489       -0.9161492335161856
        0.6420000304933637        0.4442259918141214       -1.3603559376991377       -0.9161299458850163
        0.6440000305883586        0.4488258328781189       -1.3649376483127775       -0.9161118154346586
        0.6460000306833535        0.4534667716430308       -1.3695617266060207       -0.9160949549629899
        0.6480000307783484        0.4581481165483479       -1.3742276314283017       -0.9160795148799539
        0.6500000308733433        0.4628691600069377       -1.3789347198884192       -0.9160655598814815
        0.6520000309683383        0.4676290842482700       -1.3836822826665587       -0.9160531984182887
        0.6540000310633332        0.4724269411958358       -1.3884694984342405       -0.9160425572384048
        0.6560000311583281        0.4772616646399836       -1.3932954587076833       -0.9160337940676997
        0.6580000312533230        0.4821321388710785       -1.3981591487318625       -0.9160270098607841
        0.6600000313483179        0.4870371526117790       -1.4030594400245167       -0.9160222874127377
        0.6620000314433128        0.4919752841268452       -1.4079950921898370       -0.9160198080629918
        0.6640000315383077        0.4969450281690004       -1.4129647770193861       -0.9160197488503856
        0.6660000316333026        0.5019447133903551       -1.4179669934556602       -0.9160222800653052
        0.6680000317282975        0.5069726877836878       -1.4230001349177295       -0.9160274471340417
        0.6700000318232924        0.5120270473977154       -1.4280624643291133       -0.9160354169313979
        0.6720000319182873        0.5171056934692915       -1.4331521238935210       -0.9160464304242295
        0.6740000320132822        0.5222064039454973       -1.4382670962363275       -0.9160606922908302
        0.6760000321082771        0.5273269007714629       -1.4434051801830916       -0.9160782794116287
        0.6780000322032720        0.5324647924862991       -1.4485640782061624       -0.9160992857198633
        0.6800000322982669        0.5376173698805137       -1.4537413466935032       -0.9161239768129895
        0.6820000323932618        0.5427817916463690       -1.4589343668404682       -0.9161525751940992
        0.6840000324882567        0.5479550761733112       -1.4641403682664873       -0.9161852920931761
        0.6860000325832516        0.5531342497083201       -1.4693563530944809       -0.9162221033861607
        0.6880000326782465        0.5583159870154456       -1.4745792831704720       -0.9162632961550264
        0.6900000327732414        0.5634967569713673       -1.4798058635284579       -0.9163091065570906
        0.6920000328682363        0.5686729670354894       -1.4850326914048524       -0.9163597243693630
        0.6940000329632312        0.5738409473399054       -1.4902561551130498       -0.9164152077731443
        0.6960000330582261        0.5789967629487469       -1.4954724594588424       -0.9164756965100955
        0.6980000331532210        0.5841362665776902       -1.5006777511780940       -0.9165414846004037
        0.7000000332482159        0.5892552021881481       -1.5058679170256541       -0.9166127148375061
        0.7020000333432108        0.5943492570423954       -1.5110387826256249       -0.9166895255832295
        0.7040000334382057        0.5994138953504277       -1.5161859301041523       -0.9167720347537246
        0.7060000335332006        0.6044443877061436       -1.5213048207249558       -0.9168604330188121
        0.7080000336281955        0.6094359611833944       -1.5263907884377148       -0.9169548272543204
        0.7100000337231904        0.6143837377755571       -1.5314390194257426       -0.9170552816501855
        0.7120000338181853        0.6192827034544671       -1.5364446515162868       -0.9171619480618197
        0.7140000339131802        0.6241276981870785       -1.5414026553190541       -0.9172749571319756
        0.7160000340081751        0.6289135495961323       -1.5463078741132734       -0.9173943245171411
        0.7180000341031700        0.6336348546315069       -1.5511551046405085       -0.9175202500090016
        0.7200000341981649        0.6382863492765699       -1.5559389791325351       -0.9176526298559652
        0.7220000342931598        0.6428627160253960       -1.5606542066212257       -0.9177914905958297
        0.7240000343881547        0.6473584227699217       -1.5652953582107734       -0.9179369354408516
        0.7260000344831496        0.6517679873138694       -1.5698570465366266       -0.9180890592227572
        0.7280000345781446        0.6560860876952148       -1.5743338264218543       -0.9182477387266395
        0.7300000346731395        0.6603072420945368       -1.5787201422447670       -0.9184129001502301
        0.7320000347681344        0.6644260789569747       -1.5830105971707704       -0.9185845182137957
        0.7340000348631293        0.6684373641467721       -1.5871997695314963       -0.9187624053847242
        0.7360000349581242        0.6723358363012355       -1.5912822965400064       -0.9189464602387709
        0.7380000350531191        0.6761163042121261       -1.5952529673471594       -0.9191366631350333
        0.7400000351481140        0.6797738649034707       -1.5991066454771672       -0.9193327805736965
        0.7420000352431089        0.6833036722338268       -1.6028383105723309       -0.9195346383385041
        0.7440000353381038        0.6867010400878079       -1.6064432004026739       -0.9197421603148660
        0.7460000354330987        0.6899615440674863       -1.6099165580975179       -0.9199550140300315
        0.7480000355280936        0.6930807767194493       -1.6132538623478874       -0.9201730856284380
        0.7500000356230885        0.6960546924481852       -1.6164506983812730       -0.9203960059330878
        0.7520000357180834        0.6988796246382546       -1.6195029656372373       -0.9206233409989827
        0.7540000358130783        0.7015520174009370       -1.6224068523659205       -0.9208548349649835
        0.7560000359080732        0.7040685862821922       -1.6251587729552281       -0.9210901866730360
        0.7580000360030681        0.7064264178876163       -1.6277555195785787       -0.9213291016909624
        0.7600000360980630        0.7086229256826856       -1.6301941271114466       -0.9215712014287610
        0.7620000361930579        0.7106557370842247       -1.6324719928829561       -0.9218162557987314
        0.7640000362880528        0.7125228845697528       -1.6345867373758807       -0.9220638528061279
        0.7660000363830477        0.7142229282769411       -1.6365362710958002       -0.9223133428188591
        0.7680000364780426        0.7157545111024526       -1.6383189826226054       -0.9225644715201529
        0.7700000365730375        0.7171167307381754       -1.6399335524955418       -0.9228168217573665
        0.7720000366680324        0.7183091606187793       -1.6413791138699134       -0.9230699532511342
        0.7740000367630273        0.7193316567236014       -1.6426551452353868       -0.9233234885117854
        0.7760000368580222        0.7201844319731342       -1.6437614977995350       -0.9235770658264008
        0.7780000369530171        0.7208680593461344       -1.6446983606930830       -0.9238303013469485
        0.7800000370480120        0.7213834618226886       -1.6454661683452225       -0.9240827065225339
        0.7820000371430069        0.7217319812527038       -1.6460657732677442       -0.9243337920150404
        0.7840000372380018        0.7219152293415317       -1.6464984911346878       -0.9245832617931561
        0.7860000373329967        0.7219352416650466       -1.6467660874802783       -0.9248308458152317
        0.7880000374279916        0.7217943167482948       -1.6468705245979822       -0.9250762078496875
        0.7900000375229865        0.7214949107486273       -1.6468139313784067       -0.9253190206297794
        0.7920000376179814        0.7210398874618286       -1.6465986921749260       -0.9255588047130975
        0.7940000377129763        0.7204324185406036       -1.6462276784358789       -0.9257952598952753
        0.7960000378079712        0.7196758892303744       -1.6457040925325828       -0.9260282033022084
        0.7980000379029661        0.7187739211280101       -1.6450312679907857       -0.9262573468627756
        0.8000000379979610        0.7177302742806774       -1.6442127228432970       -0.9264824485626196
        0.8020000380929559        0.7165488212888395       -1.6432521547713612       -0.9267033334825218
        0.8040000381879508        0.7152336100252781       -1.6421534540878124       -0.9269198440625344
        0.8060000382829458        0.7137889001128670       -1.6409207698664059       -0.9271318697535389
        0.8080000383779407        0.7122190568699150       -1.6395581819847129       -0.9273391251147979
        0.8100000384729356        0.7105284605483035       -1.6380699678815904       -0.9275415073332869
        0.8120000385679305        0.7087215806458447       -1.6364606883228783       -0.9277391076770336
        0.8140000386629254        0.7068029367350321       -1.6347346924794957       -0.9279317557444635
        0.8160000387579203        0.7047770133857365       -1.6328964557644292       -0.9281194423786927
        0.8180000388529152        0.7026482972957214       -1.6309504063700502       -0.9283021090743288
        0.8200000389479101        0.7004212741971321       -1.6289008335595785       -0.9284795593624464
        0.8220000390429050        0.6981003467339885       -1.6267524485842133       -0.9286521018502248
        0.8240000391378999        0.6956899381172936       -1.6245097405287872       -0.9288198024114935
        0.8260000392328948        0.6931944439302768       -1.6221770456683555       -0.9289826017380787
        0.8280000393278897        0.6906180144982453       -1.6197584768191373       -0.9291404623208920
        0.8300000394228846        0.6879647819920877       -1.6172582329632224       -0.9292934509711347
        0.8320000395178795        0.6852388179358855       -1.6146805916534761       -0.9294417737175906
        0.8340000396128744        0.6824440986028758       -1.6120296980574795       -0.9295855994546037
        0.8360000397078693        0.6795844123972441       -1.6093093873433586       -0.9297249749461145
        0.8380000398028642        0.6766634637363729       -1.6065232076679146       -0.9298597439315417
        0.8400000398978591        0.6736848370988414       -1.6036750338509300       -0.9299901967520886
        0.8420000399928540        0.6706519899104614       -1.6007685552027162       -0.9301165652922548
        0.8440000400878489        0.6675682408224434       -1.5978071213941960       -0.9302388805717526
        0.8460000401828438        0.6644368403462602       -1.5947940062922055       -0.9303571659459453
        0.8480000402778387        0.6612608940754854       -1.5917324438285478       -0.9304715497530625
        0.8500000403728336        0.6580433296829433       -1.5886255289981923       -0.9305821993152490
        0.8520000404678285        0.6547869703661120       -1.5854762807045168       -0.9306893103384049
        0.8540000405628234        0.6514945166852693       -1.5822873284010157       -0.9307928117157465
        0.8560000406578183        0.6481685624551743       -1.5790614887078953       -0.9308929262527210
        0.8580000407528132        0.6448116633603043       -1.5758014910220774       -0.9309898276617732
        0.8600000408478081        0.6414262402854862       -1.5725098551699777       -0.9310836148844914
        0.8620000409428030        0.6380145833115710       -1.5691888078803495       -0.9311742245687785
        0.8640000410377979        0.6345788493885575       -1.5658404996849768       -0.9312616502964194
        0.8660000411327928        0.6311211287787262       -1.5624673590785969       -0.9313462302998707
        0.8680000412277877        0.6276434118166695       -1.5590716100621018       -0.9314281982454323
        0.8700000413227826        0.6241476710539466       -1.5556550752928389       -0.9315074042388922
        0.8720000414177775        0.6206357679876265       -1.5522195447974423       -0.9315837768098157
        0.8740000415127724        0.6171093955945508       -1.5487668942622304       -0.9316574986676796
        0.8760000416077673        0.6135702447185554       -1.5452990803127786       -0.9317288355942233
        0.8780000417027622        0.6100199305470815       -1.5418178007639765       -0.9317978702168950
        0.8800000417977571        0.6064599936338156       -1.5383244652129926       -0.9318644715791770
        0.8820000418927521        0.6028919135729016       -1.5348206002169442       -0.9319286866440426
        0.8840000419877470        0.5993171283601972       -1.5313078080650451       -0.9319906797048478
        0.8860000420827419        0.5957369370507059       -1.5277875669880865       -0.9320506299373806
        0.8880000421777368        0.5921526226364586       -1.5242610730388224       -0.9321084504023638
        0.8900000422727317        0.5885654054941228       -1.5207295637874378       -0.9321641582933150
        0.8920000423677266        0.5849764749766352       -1.5171943846179015       -0.9322179096412663
        0.8940000424627215        0.5813869466264879       -1.5136567850039291       -0.9322698383774412
        0.8960000425577164        0.5777979140921878       -1.5101177608943355       -0.9323198468021476
        0.8980000426527113        0.5742104221834536       -1.5065783794623684       -0.9323679572789147
        0.9000000427477062        0.5706254139892356       -1.5030397675742355       -0.9324143535849999
        0.9020000428427011        0.5670438314363920       -1.4995029371916591       -0.9324591057552670
        0.9040000429376960        0.5634665496757658       -1.4959687258008054       -0.9325021761250396
        0.9060000430326909        0.5598945067734931       -1.4924379992125940       -0.9325434924391010
        0.9080000431276858        0.5563285010126837       -1.4889118532614407       -0.9325833522487570
        0.9100000432226807        0.5527693072230671       -1.4853910809425552       -0.9326217737194882
        0.9120000433176756        0.5492176344093355       -1.4818763315277863       -0.9326586971184508
        0.9140000434126705        0.5456742118325358       -1.4783682638307738       -0.9326940519982380
        0.9160000435076654        0.5421397502396386       -1.4748677240417341       -0.9327279738020955
        0.9180000436026603        0.5386148951590642       -1.4713755496133778       -0.9327606544543136
        0.9200000436976552        0.5351002554698259       -1.4678922585659502       -0.9327920030961243
        0.9220000437926501        0.5315963607963063       -1.4644183584806001       -0.9328219976842937
        0.9240000438876450        0.5281037982921637       -1.4609545325900291       -0.9328507342978654
        0.9260000439826399        0.5246231172669105       -1.4575015273543628       -0.9328784100874523
        0.9280000440776348        0.5211548658209820       -1.4540598287381523       -0.9329049629171703
        0.9300000441726297        0.5176995009396765       -1.4506297485117940       -0.9329302475721175
        0.9320000442676246        0.5142574974688051       -1.4472117894447845       -0.9329542919759793
        0.9340000443626195        0.5108292720326763       -1.4438066242861141       -0.9329773522534378
        0.9360000444576144        0.5074152766472793       -1.4404146779071079       -0.9329994012598286
        0.9380000445526093        0.5040159077102001       -1.4370362315524503       -0.9330203238422502
        0.9400000446476042        0.5006315482121524       -1.4336716072278444       -0.9330400590156920
        0.9420000447425991        0.4972625096536515       -1.4303214616483810       -0.9330589519947294
        0.9440000448375940        0.4939091406731934       -1.4269860543675841       -0.9330769136943907
        0.9460000449325889        0.4905717662984166       -1.4236657100456520       -0.9330939437472354
        0.9480000450275838        0.4872506356449150       -1.4203605988989441       -0.9331099632540291
        0.9500000451225787        0.4839460502944556       -1.4170712542189337       -0.9331252039244780
        0.9520000452175736        0.4806582538683826       -1.4137979120229998       -0.9331396581546172
        0.9540000453125685        0.4773875293535326       -1.4105408369463581       -0.9331533075928256
        0.9560000454075634        0.4741341219751741       -1.4073001821837374       -0.9331660602085633
        0.9580000455025584        0.4708982693269850       -1.4040762831218647       -0.9331780137948797
        0.9600000455975533        0.4676801676416749       -1.4008694498986571       -0.9331892822569823
        0.9620000456925482        0.4644800327376122       -1.3976797781799899       -0.9331997454423777
        0.9640000457875431        0.4612980556006672       -1.3945074383490299       -0.9332093827483627
        0.9660000458825380        0.4581344092737806       -1.3913526492593400       -0.9332182399855593
        0.9680000459775329        0.4549892372709697       -1.3882157147895640       -0.9332264775185943
        0.9700000460725278        0.4518626408274292       -1.3850966640830782       -0.9332340232556490
        0.9720000461675227        0.4487547528433304       -1.3819956552612245       -0.9332409024178940
        0.9740000462625176        0.4456656731781818       -1.3789129407164245       -0.9332472675382426
        0.9760000463575125        0.4425955510106270       -1.3758486345195109       -0.9332530835088839
        0.9780000464525074        0.4395444977841980       -1.3728027872314510       -0.9332582894472530
        0.9800000465475023        0.4365126121324681       -1.3697754666016966       -0.9332628544692285
        0.9820000466424972        0.4334999561877442       -1.3667669184010913       -0.9332669622133472
        0.9840000467374921        0.4305066256653310       -1.3637771888808627       -0.9332705632155318
        0.9860000468324870        0.4275327222491323       -1.3608063087728752       -0.9332735865237429
        0.9880000469274819        0.4245783595683290       -1.3578542777765115       -0.9332759182081825
        0.9900000470224768        0.4216436072638166       -1.3549213412915311       -0.9332777340277145
        0.9920000471174717        0.4187284707904595       -1.3520076024945444       -0.9332791317040849
        0.9940000472124666        0.4158329726251268       -1.3491130076682905       -0.9332800350431637
        0.9960000473074615        0.4129571485536495       -1.3462375395419977       -0.9332803909883481
        0.9980000474024564        0.4101010565576205       -1.3433812875504867       -0.9332802309928663
        1.0000000474974513        0.4072647093797535       -1.3405444337031927       -0.9332797243234392
