      7.6795069752      0.0000000000      7.6795634835      0.0000000000      7.6797372682      0.0000000000      7.6800185780      0.0000000000      7.6803897586      0.0000000000      7.6815916488      0.0000000000
      4.8155069752      0.0000000000      4.8155634835      0.0000000000      4.8157372682      0.0000000000      4.8160185780      0.0000000000      4.8163897586      0.0000000000      4.8175916488      0.0000000000
      2.5915069752      0.0000000000      2.5915634835      0.0000000000      2.5917372682      0.0000000000      2.5920185780      0.0000000000      2.5923897586      0.0000000000      2.5935916488      0.0000000000
      1.0075069752      0.0000000000      1.0075634835      0.0000000000      1.0077372682      0.0000000000      1.0080185780      0.0000000000      1.0083897586      0.0000000000      1.0095916488      0.0000000000
      0.0635069752      0.0000000000      0.0635634835      0.0000000000      0.0637372682      0.0000000000      0.0640185780      0.0000000000      0.0643897586      0.0000000000      0.0655916488      0.0000000000
     -0.2404930248      0.0000000000     -0.2404365165      0.0000000000     -0.2402627318      0.0000000000     -0.2399814220      0.0000000000     -0.2396102414      0.0000000000     -0.2384083512      0.0000000000
      0.0955069752      0.0000000000      0.0955634835      0.0000000000      0.0957372682      0.0000000000      0.0960185780      0.0000000000      0.0963897586      0.0000000000      0.0975916488      0.0000000000
      1.0715069752      0.0000000000      1.0715634835      0.0000000000      1.0717372682      0.0000000000      1.0720185780      0.0000000000      1.0723897586      0.0000000000      1.0735916488      0.0000000000
      2.6875069752      0.0000000000      2.6875634835      0.0000000000      2.6877372682      0.0000000000      2.6880185780      0.0000000000      2.6883897586      0.0000000000      2.6895916488      0.0000000000
      4.9435069752      0.0000000000      4.9435634835      0.0000000000      4.9437372682      0.0000000000      4.9440185780      0.0000000000      4.9443897586      0.0000000000      4.9455916488      0.0000000000
      7.6671666427      0.0000000000      7.6672323486      0.0000000000      7.6674343861      0.0000000000      7.6677613207      0.0000000000      7.6681924982      0.0000000000      7.6695876993      0.0000000000
      4.8031666427      0.0000000000      4.8032323486      0.0000000000      4.8034343861      0.0000000000      4.8037613207      0.0000000000      4.8041924982      0.0000000000      4.8055876993      0.0000000000
      2.5791666427      0.0000000000      2.5792323486      0.0000000000      2.5794343861      0.0000000000      2.5797613207      0.0000000000      2.5801924982      0.0000000000      2.5815876993      0.0000000000
      0.9951666427      0.0000000000      0.9952323486      0.0000000000      0.9954343861      0.0000000000      0.9957613207      0.0000000000      0.9961924982      0.0000000000      0.9975876993      0.0000000000
      0.0511666427      0.0000000000      0.0512323486      0.0000000000      0.0514343861      0.0000000000      0.0517613207      0.0000000000      0.0521924982      0.0000000000      0.0535876993      0.0000000000
     -0.2528333573      0.0000000000     -0.2527676514      0.0000000000     -0.2525656139      0.0000000000     -0.2522386793      0.0000000000     -0.2518075018      0.0000000000     -0.2504123007      0.0000000000
      0.0831666427      0.0000000000      0.0832323486      0.0000000000      0.0834343861      0.0000000000      0.0837613207      0.0000000000      0.0841924982      0.0000000000      0.0855876993      0.0000000000
      1.0591666427      0.0000000000      1.0592323486      0.0000000000      1.0594343861      0.0000000000      1.0597613207      0.0000000000      1.0601924982      0.0000000000      1.0615876993      0.0000000000
      2.6751666427      0.0000000000      2.6752323486      0.0000000000      2.6754343861      0.0000000000      2.6757613207      0.0000000000      2.6761924982      0.0000000000      2.6775876993      0.0000000000
      4.9311666427      0.0000000000      4.9312323486      0.0000000000      4.9314343861      0.0000000000      4.9317613207      0.0000000000      4.9321924982      0.0000000000      4.9335876993      0.0000000000
      7.6534740140      0.0000000000      7.6535510468      0.0000000000      7.6537878674      0.0000000000      7.6541709387      0.0000000000      7.6546758726      0.0000000000      7.6563084201      0.0000000000
      4.7894740140      0.0000000000      4.7895510468      0.0000000000      4.7897878674      0.0000000000      4.7901709387      0.0000000000      4.7906758726      0.0000000000      4.7923084201      0.0000000000
      2.5654740140      0.0000000000      2.5655510468      0.0000000000      2.5657878674      0.0000000000      2.5661709387      0.0000000000      2.5666758726      0.0000000000      2.5683084201      0.0000000000
      0.9814740140      0.0000000000      0.9815510468      0.0000000000      0.9817878674      0.0000000000      0.9821709387      0.0000000000      0.9826758726      0.0000000000      0.9843084201      0.0000000000
      0.0374740140      0.0000000000      0.0375510468      0.0000000000      0.0377878674      0.0000000000      0.0381709387      0.0000000000      0.0386758726      0.0000000000      0.0403084201      0.0000000000
     -0.2665259860      0.0000000000     -0.2664489532      0.0000000000     -0.2662121326      0.0000000000     -0.2658290613      0.0000000000     -0.2653241274      0.0000000000     -0.2636915799      0.0000000000
      0.0694740140      0.0000000000      0.0695510468      0.0000000000      0.0697878674      0.0000000000      0.0701709387      0.0000000000      0.0706758726      0.0000000000      0.0723084201      0.0000000000
      1.0454740140      0.0000000000      1.0455510468      0.0000000000      1.0457878674      0.0000000000      1.0461709387      0.0000000000      1.0466758726      0.0000000000      1.0483084201      0.0000000000
      2.6614740140      0.0000000000      2.6615510468      0.0000000000      2.6617878674      0.0000000000      2.6621709387      0.0000000000      2.6626758726      0.0000000000      2.6643084201      0.0000000000
      4.9174740140      0.0000000000      4.9175510468      0.0000000000      4.9177878674      0.0000000000      4.9181709387      0.0000000000      4.9186758726      0.0000000000      4.9203084201      0.0000000000
      7.6381902608      0.0000000000      7.6382814102      0.0000000000      7.6385615658      0.0000000000      7.6390145258      0.0000000000      7.6396111923      0.0000000000      7.6415384975      0.0000000000
      4.7741902608      0.0000000000      4.7742814102      0.0000000000      4.7745615658      0.0000000000      4.7750145258      0.0000000000      4.7756111923      0.0000000000      4.7775384975      0.0000000000
      2.5501902608      0.0000000000      2.5502814102      0.0000000000      2.5505615658      0.0000000000      2.5510145258      0.0000000000      2.5516111923      0.0000000000      2.5535384975      0.0000000000
      0.9661902608      0.0000000000      0.9662814102      0.0000000000      0.9665615658      0.0000000000      0.9670145258      0.0000000000      0.9676111923      0.0000000000      0.9695384975      0.0000000000
      0.0221902608      0.0000000000      0.0222814102      0.0000000000      0.0225615658      0.0000000000      0.0230145258      0.0000000000      0.0236111923      0.0000000000      0.0255384975      0.0000000000
     -0.2818097392      0.0000000000     -0.2817185898      0.0000000000     -0.2814384342      0.0000000000     -0.2809854742      0.0000000000     -0.2803888077      0.0000000000     -0.2784615025      0.0000000000
      0.0541902608      0.0000000000      0.0542814102      0.0000000000      0.0545615658      0.0000000000      0.0550145258      0.0000000000      0.0556111923      0.0000000000      0.0575384975      0.0000000000
      1.0301902608      0.0000000000      1.0302814102      0.0000000000      1.0305615658      0.0000000000      1.0310145258      0.0000000000      1.0316111923      0.0000000000      1.0335384975      0.0000000000
      2.6461902608      0.0000000000      2.6462814102      0.0000000000      2.6465615658      0.0000000000      2.6470145258      0.0000000000      2.6476111923      0.0000000000      2.6495384975      0.0000000000
      4.9021902608      0.0000000000      4.9022814102      0.0000000000      4.9025615658      0.0000000000      4.9030145258      0.0000000000      4.9036111923      0.0000000000      4.9055384975      0.0000000000
      7.6210157584      0.0000000000      7.6211247399      0.0000000000      7.6214596133      0.0000000000      7.6220007450      0.0000000000      7.6227130030      0.0000000000      7.6250110790      0.0000000000
      4.7570157584      0.0000000000      4.7571247399      0.0000000000      4.7574596133      0.0000000000      4.7580007450      0.0000000000      4.7587130030      0.0000000000      4.7610110790      0.0000000000
      2.5330157584      0.0000000000      2.5331247399      0.0000000000      2.5334596133      0.0000000000      2.5340007450      0.0000000000      2.5347130030      0.0000000000      2.5370110790      0.0000000000
      0.9490157584      0.0000000000      0.9491247399      0.0000000000      0.9494596133      0.0000000000      0.9500007450      0.0000000000      0.9507130030      0.0000000000      0.9530110790      0.0000000000
      0.0050157584      0.0000000000      0.0051247399      0.0000000000      0.0054596133      0.0000000000      0.0060007450      0.0000000000      0.0067130030      0.0000000000      0.0090110790      0.0000000000
     -0.2989842416      0.0000000000     -0.2988752601      0.0000000000     -0.2985403867      0.0000000000     -0.2979992550      0.0000000000     -0.2972869970      0.0000000000     -0.2949889210      0.0000000000
      0.0370157584      0.0000000000      0.0371247399      0.0000000000      0.0374596133      0.0000000000      0.0380007450      0.0000000000      0.0387130030      0.0000000000      0.0410110790      0.0000000000
      1.0130157584      0.0000000000      1.0131247399      0.0000000000      1.0134596133      0.0000000000      1.0140007450      0.0000000000      1.0147130030      0.0000000000      1.0170110790      0.0000000000
      2.6290157584      0.0000000000      2.6291247399      0.0000000000      2.6294596133      0.0000000000      2.6300007450      0.0000000000      2.6307130030      0.0000000000      2.6330110790      0.0000000000
      4.8850157584      0.0000000000      4.8851247399      0.0000000000      4.8854596133      0.0000000000      4.8860007450      0.0000000000      4.8867130030      0.0000000000      4.8890110790      0.0000000000
      7.6015690269      0.0000000000      7.6017008812      0.0000000000      7.6021059046      0.0000000000      7.6027599615      0.0000000000      7.6036200492      0.0000000000      7.6063913058      0.0000000000
      4.7375690269      0.0000000000      4.7377008812      0.0000000000      4.7381059046      0.0000000000      4.7387599615      0.0000000000      4.7396200492      0.0000000000      4.7423913058      0.0000000000
      2.5135690269      0.0000000000      2.5137008812      0.0000000000      2.5141059046      0.0000000000      2.5147599615      0.0000000000      2.5156200492      0.0000000000      2.5183913058      0.0000000000
      0.9295690269      0.0000000000      0.9297008812      0.0000000000      0.9301059046      0.0000000000      0.9307599615      0.0000000000      0.9316200492      0.0000000000      0.9343913058      0.0000000000
     -0.0144309731      0.0000000000     -0.0142991188      0.0000000000     -0.0138940954      0.0000000000     -0.0132400385      0.0000000000     -0.0123799508      0.0000000000     -0.0096086942      0.0000000000
     -0.3184309731      0.0000000000     -0.3182991188      0.0000000000     -0.3178940954      0.0000000000     -0.3172400385      0.0000000000     -0.3163799508      0.0000000000     -0.3136086942      0.0000000000
      0.0175690269      0.0000000000      0.0177008812      0.0000000000      0.0181059046      0.0000000000      0.0187599615      0.0000000000      0.0196200492      0.0000000000      0.0223913058      0.0000000000
      0.9935690269      0.0000000000      0.9937008812      0.0000000000      0.9941059046      0.0000000000      0.9947599615      0.0000000000      0.9956200492      0.0000000000      0.9983913058      0.0000000000
      2.6095690269      0.0000000000      2.6097008812      0.0000000000      2.6101059046      0.0000000000      2.6107599615      0.0000000000      2.6116200492      0.0000000000      2.6143913058      0.0000000000
      4.8655690269      0.0000000000      4.8657008812      0.0000000000      4.8661059046      0.0000000000      4.8667599615      0.0000000000      4.8676200492      0.0000000000      4.8703913058      0.0000000000
      7.5793560618      0.0000000000      7.5795177750      0.0000000000      7.5800143187      0.0000000000      7.5808155202      0.0000000000      7.5818678982      0.0000000000      7.5852530703      0.0000000000
      4.7153560618      0.0000000000      4.7155177750      0.0000000000      4.7160143187      0.0000000000      4.7168155202      0.0000000000      4.7178678982      0.0000000000      4.7212530703      0.0000000000
      2.4913560618      0.0000000000      2.4915177750      0.0000000000      2.4920143187      0.0000000000      2.4928155202      0.0000000000      2.4938678982      0.0000000000      2.4972530703      0.0000000000
      0.9073560618      0.0000000000      0.9075177750      0.0000000000      0.9080143187      0.0000000000      0.9088155202      0.0000000000      0.9098678982      0.0000000000      0.9132530703      0.0000000000
     -0.0366439382      0.0000000000     -0.0364822250      0.0000000000     -0.0359856813      0.0000000000     -0.0351844798      0.0000000000     -0.0341321018      0.0000000000     -0.0307469297      0.0000000000
     -0.3406439382      0.0000000000     -0.3404822250      0.0000000000     -0.3399856813      0.0000000000     -0.3391844798      0.0000000000     -0.3381321018      0.0000000000     -0.3347469297      0.0000000000
     -0.0046439382      0.0000000000     -0.0044822250      0.0000000000     -0.0039856813      0.0000000000     -0.0031844798      0.0000000000     -0.0021321018      0.0000000000      0.0012530703      0.0000000000
      0.9713560618      0.0000000000      0.9715177750      0.0000000000      0.9720143187      0.0000000000      0.9728155202      0.0000000000      0.9738678982      0.0000000000      0.9772530703      0.0000000000
      2.5873560618      0.0000000000      2.5875177750      0.0000000000      2.5880143187      0.0000000000      2.5888155202      0.0000000000      2.5898678982      0.0000000000      2.5932530703      0.0000000000
      4.8433560618      0.0000000000      4.8435177750      0.0000000000      4.8440143187      0.0000000000      4.8448155202      0.0000000000      4.8458678982      0.0000000000      4.8492530703      0.0000000000
      7.5537243899      0.0000000000      7.5539258864      0.0000000000      7.5545442784      0.0000000000      7.5555410873      0.0000000000      7.5568485370      0.0000000000      7.5610454887      0.0000000000
      4.6897243899      0.0000000000      4.6899258864      0.0000000000      4.6905442784      0.0000000000      4.6915410873      0.0000000000      4.6928485370      0.0000000000      4.6970454887      0.0000000000
      2.4657243899      0.0000000000      2.4659258864      0.0000000000      2.4665442784      0.0000000000      2.4675410873      0.0000000000      2.4688485370      0.0000000000      2.4730454887      0.0000000000
      0.8817243899      0.0000000000      0.8819258864      0.0000000000      0.8825442784      0.0000000000      0.8835410873      0.0000000000      0.8848485370      0.0000000000      0.8890454887      0.0000000000
     -0.0622756101      0.0000000000     -0.0620741136      0.0000000000     -0.0614557216      0.0000000000     -0.0604589127      0.0000000000     -0.0591514630      0.0000000000     -0.0549545113      0.0000000000
     -0.3662756101      0.0000000000     -0.3660741136      0.0000000000     -0.3654557216      0.0000000000     -0.3644589127      0.0000000000     -0.3631514630      0.0000000000     -0.3589545113      0.0000000000
     -0.0302756101      0.0000000000     -0.0300741136      0.0000000000     -0.0294557216      0.0000000000     -0.0284589127      0.0000000000     -0.0271514630      0.0000000000     -0.0229545113      0.0000000000
      0.9457243899      0.0000000000      0.9459258864      0.0000000000      0.9465442784      0.0000000000      0.9475410873      0.0000000000      0.9488485370      0.0000000000      0.9530454887      0.0000000000
      2.5617243899      0.0000000000      2.5619258864      0.0000000000      2.5625442784      0.0000000000      2.5635410873      0.0000000000      2.5648485370      0.0000000000      2.5690454887      0.0000000000
      4.8177243899      0.0000000000      4.8179258864      0.0000000000      4.8185442784      0.0000000000      4.8195410873      0.0000000000      4.8208485370      0.0000000000      4.8250454887      0.0000000000
      7.5237918983      0.0000000000      7.5240476937      0.0000000000      7.5248322353      0.0000000000      7.5260952607      0.0000000000      7.5277489192      0.0000000000      7.5330433209      0.0000000000
      4.6597918983      0.0000000000      4.6600476937      0.0000000000      4.6608322353      0.0000000000      4.6620952607      0.0000000000      4.6637489192      0.0000000000      4.6690433209      0.0000000000
      2.4357918983      0.0000000000      2.4360476937      0.0000000000      2.4368322353      0.0000000000      2.4380952607      0.0000000000      2.4397489192      0.0000000000      2.4450433209      0.0000000000
      0.8517918983      0.0000000000      0.8520476937      0.0000000000      0.8528322353      0.0000000000      0.8540952607      0.0000000000      0.8557489192      0.0000000000      0.8610433209      0.0000000000
     -0.0922081017      0.0000000000     -0.0919523063      0.0000000000     -0.0911677647      0.0000000000     -0.0899047393      0.0000000000     -0.0882510808      0.0000000000     -0.0829566791      0.0000000000
     -0.3962081017      0.0000000000     -0.3959523063      0.0000000000     -0.3951677647      0.0000000000     -0.3939047393      0.0000000000     -0.3922510808      0.0000000000     -0.3869566791      0.0000000000
     -0.0602081017      0.0000000000     -0.0599523063      0.0000000000     -0.0591677647      0.0000000000     -0.0579047393      0.0000000000     -0.0562510808      0.0000000000     -0.0509566791      0.0000000000
      0.9157918983      0.0000000000      0.9160476937      0.0000000000      0.9168322353      0.0000000000      0.9180952607      0.0000000000      0.9197489192      0.0000000000      0.9250433209      0.0000000000
      2.5317918983      0.0000000000      2.5320476937      0.0000000000      2.5328322353      0.0000000000      2.5340952607      0.0000000000      2.5357489192      0.0000000000      2.5410433209      0.0000000000
      4.7877918983      0.0000000000      4.7880476937      0.0000000000      4.7888322353      0.0000000000      4.7900952607      0.0000000000      4.7917489192      0.0000000000      4.7970433209      0.0000000000
      7.4883320636      0.0000000000      7.4886641430      0.0000000000      7.4896818242      0.0000000000      7.4913174876      0.0000000000      7.4934540779      0.0000000000      7.5002715250      0.0000000000
      4.6243320636      0.0000000000      4.6246641430      0.0000000000      4.6256818242      0.0000000000      4.6273174876      0.0000000000      4.6294540779      0.0000000000      4.6362715250      0.0000000000
      2.4003320636      0.0000000000      2.4006641430      0.0000000000      2.4016818242      0.0000000000      2.4033174876      0.0000000000      2.4054540779      0.0000000000      2.4122715250      0.0000000000
      0.8163320636      0.0000000000      0.8166641430      0.0000000000      0.8176818242      0.0000000000      0.8193174876      0.0000000000      0.8214540779      0.0000000000      0.8282715250      0.0000000000
     -0.1276679364      0.0000000000     -0.1273358570      0.0000000000     -0.1263181758      0.0000000000     -0.1246825124      0.0000000000     -0.1225459221      0.0000000000     -0.1157284750      0.0000000000
     -0.4316679364      0.0000000000     -0.4313358570      0.0000000000     -0.4303181758      0.0000000000     -0.4286825124      0.0000000000     -0.4265459221      0.0000000000     -0.4197284750      0.0000000000
     -0.0956679364      0.0000000000     -0.0953358570      0.0000000000     -0.0943181758      0.0000000000     -0.0926825124      0.0000000000     -0.0905459221      0.0000000000     -0.0837284750      0.0000000000
      0.8803320636      0.0000000000      0.8806641430      0.0000000000      0.8816818242      0.0000000000      0.8833174876      0.0000000000      0.8854540779      0.0000000000      0.8922715250      0.0000000000
      2.4963320636      0.0000000000      2.4966641430      0.0000000000      2.4976818242      0.0000000000      2.4993174876      0.0000000000      2.5014540779      0.0000000000      2.5082715250      0.0000000000
      4.7523320636      0.0000000000      4.7526641430      0.0000000000      4.7536818242      0.0000000000      4.7553174876      0.0000000000      4.7574540779      0.0000000000      4.7642715250      0.0000000000
      7.4455795007      0.0000000000      7.4460226187      0.0000000000      7.4473791173      0.0000000000      7.4495545839      0.0000000000      7.4523875742      0.0000000000      7.4613865551      0.0000000000
      4.5815795007      0.0000000000      4.5820226187      0.0000000000      4.5833791173      0.0000000000      4.5855545839      0.0000000000      4.5883875742      0.0000000000      4.5973865551      0.0000000000
      2.3575795007      0.0000000000      2.3580226187      0.0000000000      2.3593791173      0.0000000000      2.3615545839      0.0000000000      2.3643875742      0.0000000000      2.3733865551      0.0000000000
      0.7735795007      0.0000000000      0.7740226187      0.0000000000      0.7753791173      0.0000000000      0.7775545839      0.0000000000      0.7803875742      0.0000000000      0.7893865551      0.0000000000
     -0.1704204993      0.0000000000     -0.1699773813      0.0000000000     -0.1686208827      0.0000000000     -0.1664454161      0.0000000000     -0.1636124258      0.0000000000     -0.1546134449      0.0000000000
     -0.4744204993      0.0000000000     -0.4739773813      0.0000000000     -0.4726208827      0.0000000000     -0.4704454161      0.0000000000     -0.4676124258      0.0000000000     -0.4586134449      0.0000000000
     -0.1384204993      0.0000000000     -0.1379773813      0.0000000000     -0.1366208827      0.0000000000     -0.1344454161      0.0000000000     -0.1316124258      0.0000000000     -0.1226134449      0.0000000000
      0.8375795007      0.0000000000      0.8380226187      0.0000000000      0.8393791173      0.0000000000      0.8415545839      0.0000000000      0.8443875742      0.0000000000      0.8533865551      0.0000000000
      2.4535795007      0.0000000000      2.4540226187      0.0000000000      2.4553791173      0.0000000000      2.4575545839      0.0000000000      2.4603875742      0.0000000000      2.4693865551      0.0000000000
      4.7095795007      0.0000000000      4.7100226187      0.0000000000      4.7113791173      0.0000000000      4.7135545839      0.0000000000      4.7163875742      0.0000000000      4.7253865551      0.0000000000
      7.3928792714      0.0000000000      7.3934914176      0.0000000000      7.3953625668      0.0000000000      7.3983543875      0.0000000000      7.4022340824      0.0000000000      7.4144820673      0.0000000000
      4.5288792714      0.0000000000      4.5294914176      0.0000000000      4.5313625668      0.0000000000      4.5343543875      0.0000000000      4.5382340824      0.0000000000      4.5504820673      0.0000000000
      2.3048792714      0.0000000000      2.3054914176      0.0000000000      2.3073625668      0.0000000000      2.3103543875      0.0000000000      2.3142340824      0.0000000000      2.3264820673      0.0000000000
      0.7208792714      0.0000000000      0.7214914176      0.0000000000      0.7233625668      0.0000000000      0.7263543875      0.0000000000      0.7302340824      0.0000000000      0.7424820673      0.0000000000
     -0.2231207286      0.0000000000     -0.2225085824      0.0000000000     -0.2206374332      0.0000000000     -0.2176456125      0.0000000000     -0.2137659176      0.0000000000     -0.2015179327      0.0000000000
     -0.5271207286      0.0000000000     -0.5265085824      0.0000000000     -0.5246374332      0.0000000000     -0.5216456125      0.0000000000     -0.5177659176      0.0000000000     -0.5055179327      0.0000000000
     -0.1911207286      0.0000000000     -0.1905085824      0.0000000000     -0.1886374332      0.0000000000     -0.1856456125      0.0000000000     -0.1817659176      0.0000000000     -0.1695179327      0.0000000000
      0.7848792714      0.0000000000      0.7854914176      0.0000000000      0.7873625668      0.0000000000      0.7903543875      0.0000000000      0.7942340824      0.0000000000      0.8064820673      0.0000000000
      2.4008792714      0.0000000000      2.4014914176      0.0000000000      2.4033625668      0.0000000000      2.4063543875      0.0000000000      2.4102340824      0.0000000000      2.4224820673      0.0000000000
      4.6568792714      0.0000000000      4.6574914176      0.0000000000      4.6593625668      0.0000000000      4.6623543875      0.0000000000      4.6662340824      0.0000000000      4.6784820673      0.0000000000
      7.3260002488      0.0000000000      7.3268852828      0.0000000000      7.3295847788      0.0000000000      7.3338824195      0.0000000000      7.3394218843      0.0000000000      7.3567553484      0.0000000000
      4.4620002488      0.0000000000      4.4628852828      0.0000000000      4.4655847788      0.0000000000      4.4698824195      0.0000000000      4.4754218843      0.0000000000      4.4927553484      0.0000000000
      2.2380002488      0.0000000000      2.2388852828      0.0000000000      2.2415847788      0.0000000000      2.2458824195      0.0000000000      2.2514218843      0.0000000000      2.2687553484      0.0000000000
      0.6540002488      0.0000000000      0.6548852828      0.0000000000      0.6575847788      0.0000000000      0.6618824195      0.0000000000      0.6674218843      0.0000000000      0.6847553484      0.0000000000
     -0.2899997512      0.0000000000     -0.2891147172      0.0000000000     -0.2864152212      0.0000000000     -0.2821175805      0.0000000000     -0.2765781157      0.0000000000     -0.2592446516      0.0000000000
     -0.5939997512      0.0000000000     -0.5931147172      0.0000000000     -0.5904152212      0.0000000000     -0.5861175805      0.0000000000     -0.5805781157      0.0000000000     -0.5632446516      0.0000000000
     -0.2579997512      0.0000000000     -0.2571147172      0.0000000000     -0.2544152212      0.0000000000     -0.2501175805      0.0000000000     -0.2445781157      0.0000000000     -0.2272446516      0.0000000000
      0.7180002488      0.0000000000      0.7188852828      0.0000000000      0.7215847788      0.0000000000      0.7258824195      0.0000000000      0.7314218843      0.0000000000      0.7487553484      0.0000000000
      2.3340002488      0.0000000000      2.3348852828      0.0000000000      2.3375847788      0.0000000000      2.3418824195      0.0000000000      2.3474218843      0.0000000000      2.3647553484      0.0000000000
      4.5900002488      0.0000000000      4.5908852828      0.0000000000      4.5935847788      0.0000000000      4.5978824195      0.0000000000      4.6034218843      0.0000000000      4.6207553484      0.0000000000
      7.2376280403      0.0000000000      7.2389911843      0.0000000000      7.2431353928      0.0000000000      7.2496894433      0.0000000000      7.2580599014      0.0000000000      7.2838997589      0.0000000000
      4.3736280403      0.0000000000      4.3749911843      0.0000000000      4.3791353928      0.0000000000      4.3856894433      0.0000000000      4.3940599014      0.0000000000      4.4198997589      0.0000000000
      2.1496280403      0.0000000000      2.1509911843      0.0000000000      2.1551353928      0.0000000000      2.1616894433      0.0000000000      2.1700599014      0.0000000000      2.1958997589      0.0000000000
      0.5656280403      0.0000000000      0.5669911843      0.0000000000      0.5711353928      0.0000000000      0.5776894433      0.0000000000      0.5860599014      0.0000000000      0.6118997589      0.0000000000
     -0.3783719597      0.0000000000     -0.3770088157      0.0000000000     -0.3728646072      0.0000000000     -0.3663105567      0.0000000000     -0.3579400986      0.0000000000     -0.3321002411      0.0000000000
     -0.6823719597      0.0000000000     -0.6810088157      0.0000000000     -0.6768646072      0.0000000000     -0.6703105567      0.0000000000     -0.6619400986      0.0000000000     -0.6361002411      0.0000000000
     -0.3463719597      0.0000000000     -0.3450088157      0.0000000000     -0.3408646072      0.0000000000     -0.3343105567      0.0000000000     -0.3259400986      0.0000000000     -0.3001002411      0.0000000000
      0.6296280403      0.0000000000      0.6309911843      0.0000000000      0.6351353928      0.0000000000      0.6416894433      0.0000000000      0.6500599014      0.0000000000      0.6758997589      0.0000000000
      2.2456280403      0.0000000000      2.2469911843      0.0000000000      2.2511353928      0.0000000000      2.2576894433      0.0000000000      2.2660599014      0.0000000000      2.2918997589      0.0000000000
      4.5016280403      0.0000000000      4.5029911843      0.0000000000      4.5071353928      0.0000000000      4.5136894433      0.0000000000      4.5220599014      0.0000000000      4.5478997589      0.0000000000
      7.1134313559      0.0000000000      7.1157431720      0.0000000000      7.1227332872      0.0000000000      7.1336658373      0.0000000000      7.1474154873      0.0000000000      7.1889107428      0.0000000000
      4.2494313559      0.0000000000      4.2517431720      0.0000000000      4.2587332872      0.0000000000      4.2696658373      0.0000000000      4.2834154873      0.0000000000      4.3249107428      0.0000000000
      2.0254313559      0.0000000000      2.0277431720      0.0000000000      2.0347332872      0.0000000000      2.0456658373      0.0000000000      2.0594154873      0.0000000000      2.1009107428      0.0000000000
      0.4414313559      0.0000000000      0.4437431720      0.0000000000      0.4507332872      0.0000000000      0.4616658373      0.0000000000      0.4754154873      0.0000000000      0.5169107428      0.0000000000
     -0.5025686441      0.0000000000     -0.5002568280      0.0000000000     -0.4932667128      0.0000000000     -0.4823341627      0.0000000000     -0.4685845127      0.0000000000     -0.4270892572      0.0000000000
     -0.8065686441      0.0000000000     -0.8042568280      0.0000000000     -0.7972667128      0.0000000000     -0.7863341627      0.0000000000     -0.7725845127      0.0000000000     -0.7310892572      0.0000014984
     -0.4705686441      0.0000000000     -0.4682568280      0.0000000000     -0.4612667128      0.0000000000     -0.4503341627      0.0000000000     -0.4365845127      0.0000000000     -0.3950892572      0.0000000000
      0.5054313559      0.0000000000      0.5077431720      0.0000000000      0.5147332872      0.0000000000      0.5256658373      0.0000000000      0.5394154873      0.0000000000      0.5809107428      0.0000000000
      2.1214313559      0.0000000000      2.1237431720      0.0000000000      2.1307332872      0.0000000000      2.1416658373      0.0000000000      2.1554154873      0.0000000000      2.1969107428      0.0000000000
      4.3774313559      0.0000000000      4.3797431720      0.0000000000      4.3867332872      0.0000000000      4.3976658373      0.0000000000      4.4114154873      0.0000000000      4.4529107428      0.0000000000
      6.9180652625      0.0000000000      6.9227928594      0.0000000000      6.9368836578      0.0000000000      6.9583237269      0.0000000000      6.9843928482      0.0000000000      7.0594863174      0.0000000000
      4.0540652625      0.0000000000      4.0587928594      0.0000000000      4.0728836578      0.0000000000      4.0943237269      0.0000000000      4.1203928482      0.0000000000      4.1954863174      0.0000000000
      1.8300652625      0.0000000000      1.8347928594      0.0000000000      1.8488836578      0.0000000000      1.8703237269      0.0000000000      1.8963928482      0.0000000000      1.9714863174      0.0000000000
      0.2460652625      0.0000000000      0.2507928594      0.0000000000      0.2648836578      0.0000000000      0.2863237269      0.0000000000      0.3123928482      0.0000000000      0.3874863174      0.0000000000
     -0.6979347375      0.0000000000     -0.6932071406      0.0000000000     -0.6791163422      0.0000000000     -0.6576762731      0.0000000000     -0.6316071518      0.0000000000     -0.5565136826      0.0000000000
     -1.0019347375      0.0096702421     -0.9972071406      0.0167577712     -0.9831163422      0.0374911879     -0.9616762731      0.0422693578     -0.9356071518      0.0113933943     -0.8605136826      0.0000000000
     -0.6659347375      0.0000000000     -0.6612071406      0.0000000000     -0.6471163422      0.0000000000     -0.6256762731      0.0000000000     -0.5996071518      0.0000000000     -0.5245136826      0.0000000000
      0.3100652625      0.0000000000      0.3147928594      0.0000000000      0.3288836578      0.0000000000      0.3503237269      0.0000000000      0.3763928482      0.0000000000      0.4514863174      0.0000000000
      1.9260652625      0.0000000000      1.9307928594      0.0000000000      1.9448836578      0.0000000000      1.9663237269      0.0000000000      1.9923928482      0.0000000000      2.0674863174      0.0000000000
      4.1820652625      0.0000000000      4.1867928594      0.0000000000      4.2008836578      0.0000000000      4.2223237269      0.0000000000      4.2483928482      0.0000000000      4.3234863174      0.0000000000
      6.6099490673      0.0000000000      6.6169344809      0.0000000000      6.6391193411      0.0000000000      6.6764460776      0.0000000000      6.7254968244      0.0000000000      6.8717862495      0.0000000000
      3.7459490673      0.0000000000      3.7529344809      0.0000000000      3.7751193411      0.0000000000      3.8124460776      0.0000000000      3.8614968244      0.0000000000      4.0077862495      0.0000000000
      1.5219490673      0.0000000000      1.5289344809      0.0000000000      1.5511193411      0.0000000000      1.5884460776      0.0000000000      1.6374968244      0.0000000000      1.7837862495      0.0000000000
     -0.0620509327      0.0000000000     -0.0550655191      0.0000000000     -0.0328806589      0.0000000000      0.0044460776      0.0000000000      0.0534968244      0.0000000000      0.1997862495      0.0000000000
     -1.0060509327      0.0000000000     -0.9990655191      0.0000000000     -0.9768806589      0.0000000000     -0.9395539224      0.0000000000     -0.8905031756      0.0000000000     -0.7442137505      0.0000000000
     -1.3100509327      0.3896673687     -1.3030655191      0.3598013002     -1.2808806589      0.2406876406     -1.2435539224      0.0327782826     -1.1945031756      0.0001355918     -1.0482137505      0.0000000000
     -0.9740509327      0.0000000000     -0.9670655191      0.0000000018     -0.9448806589      0.0030449447     -0.9075539224      0.0241220758     -0.8585031756      0.0033337225     -0.7122137505      0.0000001097
      0.0019490673      0.0000000000      0.0089344809      0.0000000000      0.0311193411      0.0000000000      0.0684460776      0.0000000000      0.1174968244      0.0000000000      0.2637862495      0.0000000000
      1.6179490673      0.0000000000      1.6249344809      0.0000000000      1.6471193411      0.0000000000      1.6844460776      0.0000000000      1.7334968244      0.0000000000      1.8797862495      0.0000000000
      3.8739490673      0.0000000000      3.8809344809      0.0000000000      3.9031193411      0.0000000000      3.9404460776      0.0000000000      3.9894968244      0.0000000000      4.1357862495      0.0000000000
      6.2793545823      0.0000000000      6.2820769047      0.0000000000      6.2924113791      0.0000000000      6.3159663430      0.0000000000      6.3603967500      0.0000000000      6.5733757546      0.0000000000
      3.4153545823      0.0000000000      3.4180769047      0.0000000000      3.4284113791      0.0000000000      3.4519663430      0.0000000000      3.4963967500      0.0000000000      3.7093757546      0.0000000000
      1.1913545823      0.0000000000      1.1940769047      0.0000000000      1.2044113791      0.0000000000      1.2279663430      0.0000000000      1.2723967500      0.0000000000      1.4853757546      0.0000000000
     -0.3926454177      0.0000000000     -0.3899230953      0.0000000000     -0.3795886209      0.0000000000     -0.3560336570      0.0000000000     -0.3116032500      0.0000000000     -0.0986242454      0.0000000000
     -1.3366454177      0.0000000000     -1.3339230953      0.0000000000     -1.3235886209      0.0000000000     -1.3000336570      0.0000000000     -1.2556032500      0.0000000000     -1.0426242454      0.0000000000
     -1.6406454177      0.7315211383     -1.6379230953      0.6733697857     -1.6275886209      0.4557549699     -1.6040336570      0.0773208715     -1.5596032500      0.0001759173     -1.3466242454      0.0000000000
     -1.3046454177      0.0000000000     -1.3019230953      0.0000000025     -1.2915886209      0.0277715914     -1.2680336570      0.2672135589     -1.2236032500      0.4017568240     -1.0106242454      0.0033725473
     -0.3286454177      0.0000000000     -0.3259230953      0.0000000000     -0.3155886209      0.0000000000     -0.2920336570      0.0000000000     -0.2476032500      0.0000000000     -0.0346242454      0.0000000000
      1.2873545823      0.0000000000      1.2900769047      0.0000000000      1.3004113791      0.0000000000      1.3239663430      0.0000000000      1.3683967500      0.0000000000      1.5813757546      0.0000000000
      3.5433545823      0.0000000000      3.5460769047      0.0000000000      3.5564113791      0.0000000000      3.5799663430      0.0000000000      3.6243967500      0.0000000000      3.8373757546      0.0000000000
      5.9997450426      0.0000000000      5.9951035436      0.0000000000      5.9816807211      0.0000000000      5.9639087629      0.0000000000      5.9529082778      0.0000000000      6.0098947604      0.0000000000
      3.1357450426      0.0000000000      3.1311035436      0.0000000000      3.1176807211      0.0000000000      3.0999087629      0.0000000000      3.0889082778      0.0000000000      3.1458947604      0.0000000000
      0.9117450426      0.0000000000      0.9071035436      0.0000000000      0.8936807211      0.0000000000      0.8759087629      0.0000000000      0.8649082778      0.0000000000      0.9218947604      0.0000000000
     -0.6722549574      0.0000000000     -0.6768964564      0.0000000000     -0.6903192789      0.0000000000     -0.7080912371      0.0000000000     -0.7190917222      0.0000000000     -0.6621052396      0.0052320559
     -1.6162549574      0.0000000000     -1.6208964564      0.0000000000     -1.6343192789      0.0000000000     -1.6520912371      0.0000000000     -1.6630917222      0.0000000000     -1.6061052396      0.0328131687
     -1.9202549574      1.0017685220     -1.9248964564      0.9610543195     -1.9383192789      0.7811804425     -1.9560912371      0.4371283112     -1.9670917222      0.0344647242     -1.9101052396      0.0000000000
     -1.5842549574      0.0000000000     -1.5888964564      0.0000000000     -1.6023192789      0.0003578870     -1.6200912371      0.3215719177     -1.6310917222      0.6642596334     -1.5741052396      0.0000000001
     -0.6082549574      0.0000000000     -0.6128964564      0.0000000000     -0.6263192789      0.0000000000     -0.6440912371      0.0000000000     -0.6550917222      0.0000000000     -0.5981052396      0.0000019643
      1.0077450426      0.0000000000      1.0031035436      0.0000000000      0.9896807211      0.0000000000      0.9719087629      0.0000000000      0.9609082778      0.0000000000      1.0178947604      0.0000000000
      3.2637450426      0.0000000000      3.2591035436      0.0000000000      3.2456807211      0.0000000000      3.2279087629      0.0000000000      3.2169082778      0.0000000000      3.2738947604      0.0000000000
      5.8160306625      0.0000000000      5.8048980955      0.0000000000      5.7692105860      0.0000000000      5.7064172255      0.0000000000      5.6136688712      0.0000000000      5.2362340747      0.0000000000
      2.9520306625      0.0000000000      2.9408980955      0.0000000000      2.9052105860      0.0000000000      2.8424172255      0.0000000000      2.7496688712      0.0000000000      2.3722340747      0.0000000000
      0.7280306625      0.0000000000      0.7168980955      0.0000000000      0.6812105860      0.0000000000      0.6184172255      0.0000000000      0.5256688712      0.0000000000      0.1482340747      0.0000011422
     -0.8559693375      0.0000000000     -0.8671019045      0.0000000000     -0.9027894140      0.0000000000     -0.9655827745      0.0000000000     -1.0583311288      0.0000000000     -1.4357659253      0.0738495489
     -1.7999693375      0.0000000000     -1.8111019045      0.0000000000     -1.8467894140      0.0000000000     -1.9095827745      0.0000000000     -2.0023311288      0.0000000000     -2.3797659253      0.5441057978
     -2.1039693375      1.1739558231     -2.1151019045      1.1692373807     -2.1507894140      1.1112976581     -2.2135827745      0.9922741620     -2.3063311288      0.7845354785     -2.6837659253      0.9203813849
     -1.7679693375      0.0000000000     -1.7791019045      0.0000000000     -1.8147894140      0.0000000007     -1.8775827745      0.0124847698     -1.9703311288      0.4859281321     -2.3477659253      0.0000000001
     -0.7919693375      0.0000000000     -0.8031019045      0.0000000000     -0.8387894140      0.0000000000     -0.9015827745      0.0000000000     -0.9943311288      0.0000000000     -1.3717659253      0.0010862238
      0.8240306625      0.0000000000      0.8128980955      0.0000000000      0.7772105860      0.0000000000      0.7144172255      0.0000000000      0.6216688712      0.0000000000      0.2442340747      0.0000000000
      3.0800306625      0.0000000000      3.0688980955      0.0000000000      3.0332105860      0.0000000000      2.9704172255      0.0000000000      2.8776688712      0.0000000000      2.5002340747      0.0000000000
      5.7541609223      0.0000000000      5.7405570082      0.0000000000      5.6961457120      0.0000000000      5.6143894824      0.0000000000      5.4812839721      0.0000000000      4.9580095871      0.0000000000
      2.8901609223      0.0000000000      2.8765570082      0.0000000000      2.8321457120      0.0000000000      2.7503894824      0.0000000000      2.6172839721      0.0000000000      2.0940095871      0.0000000000
      0.6661609223      0.0000000000      0.6525570082      0.0000000000      0.6081457120      0.0000000000      0.5263894824      0.0000000000      0.3932839721      0.0000000000     -0.1299904129      0.0000000091
     -0.9178390777      0.0000000000     -0.9314429918      0.0000000000     -0.9758542880      0.0000000000     -1.0576105176      0.0000000000     -1.1907160279      0.0000000000     -1.7139904129      0.0000002562
     -1.8618390777      0.0000000000     -1.8754429918      0.0000000000     -1.9198542880      0.0000000000     -2.0016105176      0.0000000000     -2.1347160279      0.0000003102     -2.6579904129      0.3308526749
     -2.1658390777      1.2312281488     -2.1794429918      1.2310450157     -2.2238542880      1.2308920264     -2.3056105176      1.2307529285     -2.4387160279      1.2306042568     -2.9619904129      1.2285765677
     -1.8298390777      0.0000000000     -1.8434429918      0.0000000000     -1.8878542880      0.0000000000     -1.9696105176      0.0000000000     -2.1027160279      0.0000000001     -2.6259904129      0.2590304074
     -0.8538390777      0.0000000000     -0.8674429918      0.0000000000     -0.9118542880      0.0000000000     -0.9936105176      0.0000000000     -1.1267160279      0.0000000000     -1.6499904129      0.0000010575
      0.7621609223      0.0000000000      0.7485570082      0.0000000000      0.7041457120      0.0000000000      0.6223894824      0.0000000000      0.4892839721      0.0000000000     -0.0339904129      0.0000000007
      3.0181609223      0.0000000000      3.0045570082      0.0000000000      2.9601457120      0.0000000000      2.8783894824      0.0000000000      2.7452839721      0.0000000000      2.2220095871      0.0000000000
      5.8224665093      0.0000000000      5.8115826162      0.0000000000      5.7767656534      0.0000000000      5.7158256160      0.0000000000      5.6268318544      0.0000000000      5.2619509097      0.0000000000
      2.9584665093      0.0000000000      2.9475826162      0.0000000000      2.9127656534      0.0000000000      2.8518256160      0.0000000000      2.7628318544      0.0000000000      2.3979509097      0.0000000000
      0.7344665093      0.0000000000      0.7235826162      0.0000000000      0.6887656534      0.0000000000      0.6278256160      0.0000000000      0.5388318544      0.0000000000      0.1739509097      0.0000000000
     -0.8495334907      0.0000000000     -0.8604173838      0.0000000000     -0.8952343466      0.0000000000     -0.9561743840      0.0000000000     -1.0451681456      0.0000000000     -1.4100490903      0.0002570994
     -1.7935334907      0.0000000000     -1.8044173838      0.0000000000     -1.8392343466      0.0000001463     -1.9001743840      0.1074097704     -1.9891681456      0.6005328789     -2.3540490903      0.0000000001
     -2.0975334907      1.1679792848     -2.1084173838      1.1318187841     -2.1432343466      1.0430882936     -2.2041743840      0.8936294906     -2.2931681456      0.6544978314     -2.6580490903      0.9135565368
     -1.7615334907      0.0000000000     -1.7724173838      0.0000000000     -1.8072343466      0.0000000000     -1.8681743840      0.0000000000     -1.9571681456      0.0000000000     -2.3220490903      0.5152899909
     -0.7855334907      0.0000000000     -0.7964173838      0.0000000000     -0.8312343466      0.0000000000     -0.8921743840      0.0000000000     -0.9811681456      0.0000000000     -1.3460490903      0.1382448965
      0.8304665093      0.0000000000      0.8195826162      0.0000000000      0.7847656534      0.0000000000      0.7238256160      0.0000000000      0.6348318544      0.0000000000      0.2699509097      0.0000000504
      3.0864665093      0.0000000000      3.0755826162      0.0000000000      3.0407656534      0.0000000000      2.9798256160      0.0000000000      2.8908318544      0.0000000000      2.5259509097      0.0000000000
      6.0117398092      0.0000000000      6.0074777580      0.0000000000      5.9953241886      0.0000000000      5.9799595295      0.0000000000      5.9727651995      0.0000000000      6.0503829096      0.0000000000
      3.1477398092      0.0000000000      3.1434777580      0.0000000000      3.1313241886      0.0000000000      3.1159595295      0.0000000000      3.1087651995      0.0000000000      3.1863829096      0.0000000000
      0.9237398092      0.0000000000      0.9194777580      0.0000000000      0.9073241886      0.0000000000      0.8919595295      0.0000000000      0.8847651995      0.0000000000      0.9623829096      0.0000000000
     -0.6602601908      0.0000000000     -0.6645222420      0.0000000000     -0.6766758114      0.0000000000     -0.6920404705      0.0000000000     -0.6992348005      0.0000000000     -0.6216170904      0.0000050574
     -1.6042601908      0.0000000000     -1.6085222420      0.0000000024     -1.6206758114      0.0217932053     -1.6360404705      0.4153269686     -1.6432348005      0.7128422269     -1.5656170904      0.0000000000
     -1.9082601908      0.9904004706     -1.9125222420      0.9034046186     -1.9246758114      0.6843827485     -1.9400404705      0.2920159576     -1.9472348005      0.0069293341     -1.8696170904      0.0000000000
     -1.5722601908      0.0000000000     -1.5765222420      0.0000000000     -1.5886758114      0.0000000000     -1.6040404705      0.0000000000     -1.6112348005      0.0000000000     -1.5336170904      0.0063227233
     -0.5962601908      0.0000000000     -0.6005222420      0.0000000000     -0.6126758114      0.0000000000     -0.6280404705      0.0000000000     -0.6352348005      0.0000000000     -0.5576170904      0.0002848767
      1.0197398092      0.0000000000      1.0154777580      0.0000000000      1.0033241886      0.0000000000      0.9879595295      0.0000000000      0.9807651995      0.0000000000      1.0583829096      0.0000000000
      3.2757398092      0.0000000000      3.2714777580      0.0000000000      3.2593241886      0.0000000000      3.2439595295      0.0000000000      3.2367651995      0.0000000000      3.3143829096      0.0000000000
      6.2951377153      0.0000000000      6.2981797516      0.0000000000      6.3094901650      0.0000000000      6.3345202063      0.0000000000      6.3803928493      0.0000000000      6.5924690844      0.0000000000
      3.4311377153      0.0000000000      3.4341797516      0.0000000000      3.4454901650      0.0000000000      3.4705202063      0.0000000000      3.5163928493      0.0000000000      3.7284690844      0.0000000000
      1.2071377153      0.0000000000      1.2101797516      0.0000000000      1.2214901650      0.0000000000      1.2465202063      0.0000000000      1.2923928493      0.0000000000      1.5044690844      0.0000000000
     -0.3768622847      0.0000000000     -0.3738202484      0.0000000000     -0.3625098350      0.0000000000     -0.3374797937      0.0000000000     -0.2916071507      0.0000000000     -0.0795309156      0.0000000000
     -1.3208622847      0.0000000000     -1.3178202484      0.0000001458     -1.3065098350      0.0852546129     -1.2814797937      0.3135309708     -1.2356071507      0.4255650060     -1.0235309156      0.0010410511
     -1.6248622847      0.7158743578     -1.6218202484      0.6196738834     -1.6105098350      0.3639611824     -1.5854797937      0.0262513274     -1.5396071507      0.0000350698     -1.3275309156      0.0000000000
     -1.2888622847      0.0000000000     -1.2858202484      0.0000000000     -1.2745098350      0.0000000000     -1.2494797937      0.0000000000     -1.2036071507      0.0000000000     -0.9915309156      0.0000000000
     -0.3128622847      0.0000000000     -0.3098202484      0.0000000000     -0.2985098350      0.0000000000     -0.2734797937      0.0000000000     -0.2276071507      0.0000000000     -0.0155309156      0.0000000000
      1.3031377153      0.0000000000      1.3061797516      0.0000000000      1.3174901650      0.0000000000      1.3425202063      0.0000000000      1.3883928493      0.0000000000      1.6004690844      0.0000000000
      3.5591377153      0.0000000000      3.5621797516      0.0000000000      3.5734901650      0.0000000000      3.5985202063      0.0000000000      3.6443928493      0.0000000000      3.8564690844      0.0000000000
      6.6266873592      0.0000000000      6.6337371737      0.0000000000      6.6560095577      0.0000000000      6.6930988708      0.0000000000      6.7412197995      0.0000000000      6.8831691905      0.0000000000
      3.7626873592      0.0000000000      3.7697371737      0.0000000000      3.7920095577      0.0000000000      3.8290988708      0.0000000000      3.8772197995      0.0000000000      4.0191691905      0.0000000000
      1.5386873592      0.0000000000      1.5457371737      0.0000000000      1.5680095577      0.0000000000      1.6050988708      0.0000000000      1.6532197995      0.0000000000      1.7951691905      0.0000000000
     -0.0453126408      0.0000000000     -0.0382628263      0.0000000000     -0.0159904423      0.0000000000      0.0210988708      0.0000000000      0.0692197995      0.0000000000      0.2111691905      0.0000000000
     -0.9893126408      0.0000000000     -0.9822628263      0.0000000760     -0.9599904423      0.0153797789     -0.9229011292      0.0315277227     -0.8747802005      0.0073602203     -0.7328308095      0.0000016672
     -1.2933126408      0.3712734752     -1.2862628263      0.3250569707     -1.2639904423      0.1872141198     -1.2269011292      0.0105267867     -1.1787802005      0.0000313904     -1.0368308095      0.0000000000
     -0.9573126408      0.0000000000     -0.9502628263      0.0000000000     -0.9279904423      0.0000000000     -0.8909011292      0.0000000000     -0.8427802005      0.0000000000     -0.7008308095      0.0000000000
      0.0186873592      0.0000000000      0.0257371737      0.0000000000      0.0480095577      0.0000000000      0.0850988708      0.0000000000      0.1332197995      0.0000000000      0.2751691905      0.0000000000
      1.6346873592      0.0000000000      1.6417371737      0.0000000000      1.6640095577      0.0000000000      1.7010988708      0.0000000000      1.7492197995      0.0000000000      1.8911691905      0.0000000000
      3.8906873592      0.0000000000      3.8977371737      0.0000000000      3.9200095577      0.0000000000      3.9570988708      0.0000000000      4.0052197995      0.0000000000      4.1471691905      0.0000000000
      6.9307267269      0.0000000000      6.9352225181      0.0000000000      6.9487032853      0.0000000000      6.9693049533      0.0000000000      6.9944346986      0.0000000000      7.0670714642      0.0000000000
      4.0667267269      0.0000000000      4.0712225181      0.0000000000      4.0847032853      0.0000000000      4.1053049533      0.0000000000      4.1304346986      0.0000000000      4.2030714642      0.0000000000
      1.8427267269      0.0000000000      1.8472225181      0.0000000000      1.8607032853      0.0000000000      1.8813049533      0.0000000000      1.9064346986      0.0000000000      1.9790714642      0.0000000000
      0.2587267269      0.0000000000      0.2632225181      0.0000000000      0.2767032853      0.0000000000      0.2973049533      0.0000000000      0.3224346986      0.0000000000      0.3950714642      0.0000000000
     -0.6852732731      0.0000000000     -0.6807774819      0.0000000000     -0.6672967147      0.0000000000     -0.6466950467      0.0000000000     -0.6215653014      0.0000000000     -0.5489285358      0.0000000000
     -0.9892732731      0.0000000000     -0.9847774819      0.0064853099     -0.9712967147      0.0299355323     -0.9506950467      0.0318906938     -0.9255653014      0.0042343109     -0.8529285358      0.0000000000
     -0.6532732731      0.0000000000     -0.6487774819      0.0000000000     -0.6352967147      0.0000000000     -0.6146950467      0.0000000000     -0.5895653014      0.0000000000     -0.5169285358      0.0000000000
      0.3227267269      0.0000000000      0.3272225181      0.0000000000      0.3407032853      0.0000000000      0.3613049533      0.0000000000      0.3864346986      0.0000000000      0.4590714642      0.0000000000
      1.9387267269      0.0000000000      1.9432225181      0.0000000000      1.9567032853      0.0000000000      1.9773049533      0.0000000000      2.0024346986      0.0000000000      2.0750714642      0.0000000000
      4.1947267269      0.0000000000      4.1992225181      0.0000000000      4.2127032853      0.0000000000      4.2333049533      0.0000000000      4.2584346986      0.0000000000      4.3310714642      0.0000000000
      7.1208780147      0.0000000000      7.1231224875      0.0000000000      7.1299113798      0.0000000000      7.1405369334      0.0000000000      7.1539138653      0.0000000000      7.1943440596      0.0000000000
      4.2568780147      0.0000000000      4.2591224875      0.0000000000      4.2659113798      0.0000000000      4.2765369334      0.0000000000      4.2899138653      0.0000000000      4.3303440596      0.0000000000
      2.0328780147      0.0000000000      2.0351224875      0.0000000000      2.0419113798      0.0000000000      2.0525369334      0.0000000000      2.0659138653      0.0000000000      2.1063440596      0.0000000000
      0.4488780147      0.0000000000      0.4511224875      0.0000000000      0.4579113798      0.0000000000      0.4685369334      0.0000000000      0.4819138653      0.0000000000      0.5223440596      0.0000000000
     -0.4951219853      0.0000000000     -0.4928775125      0.0000000000     -0.4860886202      0.0000000000     -0.4754630666      0.0000000000     -0.4620861347      0.0000000000     -0.4216559404      0.0000000000
     -0.7991219853      0.0000000000     -0.7968775125      0.0000000000     -0.7900886202      0.0000000000     -0.7794630666      0.0000000000     -0.7660861347      0.0000000000     -0.7256559404      0.0000005547
     -0.4631219853      0.0000000000     -0.4608775125      0.0000000000     -0.4540886202      0.0000000000     -0.4434630666      0.0000000000     -0.4300861347      0.0000000000     -0.3896559404      0.0000000000
      0.5128780147      0.0000000000      0.5151224875      0.0000000000      0.5219113798      0.0000000000      0.5325369334      0.0000000000      0.5459138653      0.0000000000      0.5863440596      0.0000000000
      2.1288780147      0.0000000000      2.1311224875      0.0000000000      2.1379113798      0.0000000000      2.1485369334      0.0000000000      2.1619138653      0.0000000000      2.2023440596      0.0000000000
      4.3848780147      0.0000000000      4.3871224875      0.0000000000      4.3939113798      0.0000000000      4.4045369334      0.0000000000      4.4179138653      0.0000000000      4.4583440596      0.0000000000
      7.2427324666      0.0000000000      7.2440639370      0.0000000000      7.2481126742      0.0000000000      7.2545183743      0.0000000000      7.2627040347      0.0000000000      7.2879946290      0.0000000000
      4.3787324666      0.0000000000      4.3800639370      0.0000000000      4.3841126742      0.0000000000      4.3905183743      0.0000000000      4.3987040347      0.0000000000      4.4239946290      0.0000000000
      2.1547324666      0.0000000000      2.1560639370      0.0000000000      2.1601126742      0.0000000000      2.1665183743      0.0000000000      2.1747040347      0.0000000000      2.1999946290      0.0000000000
      0.5707324666      0.0000000000      0.5720639370      0.0000000000      0.5761126742      0.0000000000      0.5825183743      0.0000000000      0.5907040347      0.0000000000      0.6159946290      0.0000000000
     -0.3732675334      0.0000000000     -0.3719360630      0.0000000000     -0.3678873258      0.0000000000     -0.3614816257      0.0000000000     -0.3532959653      0.0000000000     -0.3280053710      0.0000000000
     -0.6772675334      0.0000000000     -0.6759360630      0.0000000000     -0.6718873258      0.0000000000     -0.6654816257      0.0000000000     -0.6572959653      0.0000000000     -0.6320053710      0.0000000000
     -0.3412675334      0.0000000000     -0.3399360630      0.0000000000     -0.3358873258      0.0000000000     -0.3294816257      0.0000000000     -0.3212959653      0.0000000000     -0.2960053710      0.0000000000
      0.6347324666      0.0000000000      0.6360639370      0.0000000000      0.6401126742      0.0000000000      0.6465183743      0.0000000000      0.6547040347      0.0000000000      0.6799946290      0.0000000000
      2.2507324666      0.0000000000      2.2520639370      0.0000000000      2.2561126742      0.0000000000      2.2625183743      0.0000000000      2.2707040347      0.0000000000      2.2959946290      0.0000000000
      4.5067324666      0.0000000000      4.5080639370      0.0000000000      4.5121126742      0.0000000000      4.5185183743      0.0000000000      4.5267040347      0.0000000000      4.5519946290      0.0000000000
      7.3297753640      0.0000000000      7.3306430927      0.0000000000      7.3332901452      0.0000000000      7.3375053902      0.0000000000      7.3429406183      0.0000000000      7.3599569586      0.0000000000
      4.4657753640      0.0000000000      4.4666430927      0.0000000000      4.4692901452      0.0000000000      4.4735053902      0.0000000000      4.4789406183      0.0000000000      4.4959569586      0.0000000000
      2.2417753640      0.0000000000      2.2426430927      0.0000000000      2.2452901452      0.0000000000      2.2495053902      0.0000000000      2.2549406183      0.0000000000      2.2719569586      0.0000000000
      0.6577753640      0.0000000000      0.6586430927      0.0000000000      0.6612901452      0.0000000000      0.6655053902      0.0000000000      0.6709406183      0.0000000000      0.6879569586      0.0000000000
     -0.2862246360      0.0000000000     -0.2853569073      0.0000000000     -0.2827098548      0.0000000000     -0.2784946098      0.0000000000     -0.2730593817      0.0000000000     -0.2560430414      0.0000000000
     -0.5902246360      0.0000000000     -0.5893569073      0.0000000000     -0.5867098548      0.0000000000     -0.5824946098      0.0000000000     -0.5770593817      0.0000000000     -0.5600430414      0.0000000000
     -0.2542246360      0.0000000000     -0.2533569073      0.0000000000     -0.2507098548      0.0000000000     -0.2464946098      0.0000000000     -0.2410593817      0.0000000000     -0.2240430414      0.0000000000
      0.7217753640      0.0000000000      0.7226430927      0.0000000000      0.7252901452      0.0000000000      0.7295053902      0.0000000000      0.7349406183      0.0000000000      0.7519569586      0.0000000000
      2.3377753640      0.0000000000      2.3386430927      0.0000000000      2.3412901452      0.0000000000      2.3455053902      0.0000000000      2.3509406183      0.0000000000      2.3679569586      0.0000000000
      4.5937753640      0.0000000000      4.5946430927      0.0000000000      4.5972901452      0.0000000000      4.6015053902      0.0000000000      4.6069406183      0.0000000000      4.6239569586      0.0000000000
      7.3958069269      0.0000000000      7.3964086778      0.0000000000      7.3982482126      0.0000000000      7.4011900027      0.0000000000      7.4050057608      0.0000000000      7.4170562565      0.0000000000
      4.5318069269      0.0000000000      4.5324086778      0.0000000000      4.5342482126      0.0000000000      4.5371900027      0.0000000000      4.5410057608      0.0000000000      4.5530562565      0.0000000000
      2.3078069269      0.0000000000      2.3084086778      0.0000000000      2.3102482126      0.0000000000      2.3131900027      0.0000000000      2.3170057608      0.0000000000      2.3290562565      0.0000000000
      0.7238069269      0.0000000000      0.7244086778      0.0000000000      0.7262482126      0.0000000000      0.7291900027      0.0000000000      0.7330057608      0.0000000000      0.7450562565      0.0000000000
     -0.2201930731      0.0000000000     -0.2195913222      0.0000000000     -0.2177517874      0.0000000000     -0.2148099973      0.0000000000     -0.2109942392      0.0000000000     -0.1989437435      0.0000000000
     -0.5241930731      0.0000000000     -0.5235913222      0.0000000000     -0.5217517874      0.0000000000     -0.5188099973      0.0000000000     -0.5149942392      0.0000000000     -0.5029437435      0.0000000000
     -0.1881930731      0.0000000000     -0.1875913222      0.0000000000     -0.1857517874      0.0000000000     -0.1828099973      0.0000000000     -0.1789942392      0.0000000000     -0.1669437435      0.0000000000
      0.7878069269      0.0000000000      0.7884086778      0.0000000000      0.7902482126      0.0000000000      0.7931900027      0.0000000000      0.7970057608      0.0000000000      0.8090562565      0.0000000000
      2.4038069269      0.0000000000      2.4044086778      0.0000000000      2.4062482126      0.0000000000      2.4091900027      0.0000000000      2.4130057608      0.0000000000      2.4250562565      0.0000000000
      4.6598069269      0.0000000000      4.6604086778      0.0000000000      4.6622482126      0.0000000000      4.6651900027      0.0000000000      4.6690057608      0.0000000000      4.6810562565      0.0000000000
      7.4479264795      0.0000000000      7.4483629238      0.0000000000      7.4496990758      0.0000000000      7.4518421813      0.0000000000      7.4546335228      0.0000000000      7.4635024998      0.0000000000
      4.5839264795      0.0000000000      4.5843629238      0.0000000000      4.5856990758      0.0000000000      4.5878421813      0.0000000000      4.5906335228      0.0000000000      4.5995024998      0.0000000000
      2.3599264795      0.0000000000      2.3603629238      0.0000000000      2.3616990758      0.0000000000      2.3638421813      0.0000000000      2.3666335228      0.0000000000      2.3755024998      0.0000000000
      0.7759264795      0.0000000000      0.7763629238      0.0000000000      0.7776990758      0.0000000000      0.7798421813      0.0000000000      0.7826335228      0.0000000000      0.7915024998      0.0000000000
     -0.1680735205      0.0000000000     -0.1676370762      0.0000000000     -0.1663009242      0.0000000000     -0.1641578187      0.0000000000     -0.1613664772      0.0000000000     -0.1524975002      0.0000000000
     -0.4720735205      0.0000000000     -0.4716370762      0.0000000000     -0.4703009242      0.0000000000     -0.4681578187      0.0000000000     -0.4653664772      0.0000000000     -0.4564975002      0.0000000000
     -0.1360735205      0.0000000000     -0.1356370762      0.0000000000     -0.1343009242      0.0000000000     -0.1321578187      0.0000000000     -0.1293664772      0.0000000000     -0.1204975002      0.0000000000
      0.8399264795      0.0000000000      0.8403629238      0.0000000000      0.8416990758      0.0000000000      0.8438421813      0.0000000000      0.8466335228      0.0000000000      0.8555024998      0.0000000000
      2.4559264795      0.0000000000      2.4563629238      0.0000000000      2.4576990758      0.0000000000      2.4598421813      0.0000000000      2.4626335228      0.0000000000      2.4715024998      0.0000000000
      4.7119264795      0.0000000000      4.7123629238      0.0000000000      4.7136990758      0.0000000000      4.7158421813      0.0000000000      4.7186335228      0.0000000000      4.7275024998      0.0000000000
      7.4902607429      0.0000000000      7.4905883192      0.0000000000      7.4915922468      0.0000000000      7.4932059553      0.0000000000      7.4953141442      0.0000000000      7.5020422597      0.0000000000
      4.6262607429      0.0000000000      4.6265883192      0.0000000000      4.6275922468      0.0000000000      4.6292059553      0.0000000000      4.6313141442      0.0000000000      4.6380422597      0.0000000000
      2.4022607429      0.0000000000      2.4025883192      0.0000000000      2.4035922468      0.0000000000      2.4052059553      0.0000000000      2.4073141442      0.0000000000      2.4140422597      0.0000000000
      0.8182607429      0.0000000000      0.8185883192      0.0000000000      0.8195922468      0.0000000000      0.8212059553      0.0000000000      0.8233141442      0.0000000000      0.8300422597      0.0000000000
     -0.1257392571      0.0000000000     -0.1254116808      0.0000000000     -0.1244077532      0.0000000000     -0.1227940447      0.0000000000     -0.1206858558      0.0000000000     -0.1139577403      0.0000000000
     -0.4297392571      0.0000000000     -0.4294116808      0.0000000000     -0.4284077532      0.0000000000     -0.4267940447      0.0000000000     -0.4246858558      0.0000000000     -0.4179577403      0.0000000000
     -0.0937392571      0.0000000000     -0.0934116808      0.0000000000     -0.0924077532      0.0000000000     -0.0907940447      0.0000000000     -0.0886858558      0.0000000000     -0.0819577403      0.0000000000
      0.8822607429      0.0000000000      0.8825883192      0.0000000000      0.8835922468      0.0000000000      0.8852059553      0.0000000000      0.8873141442      0.0000000000      0.8940422597      0.0000000000
      2.4982607429      0.0000000000      2.4985883192      0.0000000000      2.4995922468      0.0000000000      2.5012059553      0.0000000000      2.5033141442      0.0000000000      2.5100422597      0.0000000000
      4.7542607429      0.0000000000      4.7545883192      0.0000000000      4.7555922468      0.0000000000      4.7572059553      0.0000000000      4.7593141442      0.0000000000      4.7660422597      0.0000000000
      7.5254078310      0.0000000000      7.5256604674      0.0000000000      7.5264353475      0.0000000000      7.5276829081      0.0000000000      7.5293164830      0.0000000000      7.5345473533      0.0000000000
      4.6614078310      0.0000000000      4.6616604674      0.0000000000      4.6624353475      0.0000000000      4.6636829081      0.0000000000      4.6653164830      0.0000000000      4.6705473533      0.0000000000
      2.4374078310      0.0000000000      2.4376604674      0.0000000000      2.4384353475      0.0000000000      2.4396829081      0.0000000000      2.4413164830      0.0000000000      2.4465473533      0.0000000000
      0.8534078310      0.0000000000      0.8536604674      0.0000000000      0.8544353475      0.0000000000      0.8556829081      0.0000000000      0.8573164830      0.0000000000      0.8625473533      0.0000000000
     -0.0905921690      0.0000000000     -0.0903395326      0.0000000000     -0.0895646525      0.0000000000     -0.0883170919      0.0000000000     -0.0866835170      0.0000000000     -0.0814526467      0.0000000000
     -0.3945921690      0.0000000000     -0.3943395326      0.0000000000     -0.3935646525      0.0000000000     -0.3923170919      0.0000000000     -0.3906835170      0.0000000000     -0.3854526467      0.0000000000
     -0.0585921690      0.0000000000     -0.0583395326      0.0000000000     -0.0575646525      0.0000000000     -0.0563170919      0.0000000000     -0.0546835170      0.0000000000     -0.0494526467      0.0000000000
      0.9174078310      0.0000000000      0.9176604674      0.0000000000      0.9184353475      0.0000000000      0.9196829081      0.0000000000      0.9213164830      0.0000000000      0.9265473533      0.0000000000
      2.5334078310      0.0000000000      2.5336604674      0.0000000000      2.5344353475      0.0000000000      2.5356829081      0.0000000000      2.5373164830      0.0000000000      2.5425473533      0.0000000000
      4.7894078310      0.0000000000      4.7896604674      0.0000000000      4.7904353475      0.0000000000      4.7916829081      0.0000000000      4.7933164830      0.0000000000      4.7985473533      0.0000000000
      7.5550996282      0.0000000000      7.5552988379      0.0000000000      7.5559102287      0.0000000000      7.5568958070      0.0000000000      7.5581886285      0.0000000000      7.5623391011      0.0000000000
      4.6910996282      0.0000000000      4.6912988379      0.0000000000      4.6919102287      0.0000000000      4.6928958070      0.0000000000      4.6941886285      0.0000000000      4.6983391011      0.0000000000
      2.4670996282      0.0000000000      2.4672988379      0.0000000000      2.4679102287      0.0000000000      2.4688958070      0.0000000000      2.4701886285      0.0000000000      2.4743391011      0.0000000000
      0.8830996282      0.0000000000      0.8832988379      0.0000000000      0.8839102287      0.0000000000      0.8848958070      0.0000000000      0.8861886285      0.0000000000      0.8903391011      0.0000000000
     -0.0609003718      0.0000000000     -0.0607011621      0.0000000000     -0.0600897713      0.0000000000     -0.0591041930      0.0000000000     -0.0578113715      0.0000000000     -0.0536608989      0.0000000000
     -0.3649003718      0.0000000000     -0.3647011621      0.0000000000     -0.3640897713      0.0000000000     -0.3631041930      0.0000000000     -0.3618113715      0.0000000000     -0.3576608989      0.0000000000
     -0.0289003718      0.0000000000     -0.0287011621      0.0000000000     -0.0280897713      0.0000000000     -0.0271041930      0.0000000000     -0.0258113715      0.0000000000     -0.0216608989      0.0000000000
      0.9470996282      0.0000000000      0.9472988379      0.0000000000      0.9479102287      0.0000000000      0.9488958070      0.0000000000      0.9501886285      0.0000000000      0.9543391011      0.0000000000
      2.5630996282      0.0000000000      2.5632988379      0.0000000000      2.5639102287      0.0000000000      2.5648958070      0.0000000000      2.5661886285      0.0000000000      2.5703391011      0.0000000000
      4.8190996282      0.0000000000      4.8192988379      0.0000000000      4.8199102287      0.0000000000      4.8208958070      0.0000000000      4.8221886285      0.0000000000      4.8263391011      0.0000000000
      7.5805416953      0.0000000000      7.5807017096      0.0000000000      7.5811930475      0.0000000000      7.5819858844      0.0000000000      7.5830273414      0.0000000000      7.5863776923      0.0000000000
      4.7165416953      0.0000000000      4.7167017096      0.0000000000      4.7171930475      0.0000000000      4.7179858844      0.0000000000      4.7190273414      0.0000000000      4.7223776923      0.0000000000
      2.4925416953      0.0000000000      2.4927017096      0.0000000000      2.4931930475      0.0000000000      2.4939858844      0.0000000000      2.4950273414      0.0000000000      2.4983776923      0.0000000000
      0.9085416953      0.0000000000      0.9087017096      0.0000000000      0.9091930475      0.0000000000      0.9099858844      0.0000000000      0.9110273414      0.0000000000      0.9143776923      0.0000000000
     -0.0354583047      0.0000000000     -0.0352982904      0.0000000000     -0.0348069525      0.0000000000     -0.0340141156      0.0000000000     -0.0329726586      0.0000000000     -0.0296223077      0.0000000000
     -0.3394583047      0.0000000000     -0.3392982904      0.0000000000     -0.3388069525      0.0000000000     -0.3380141156      0.0000000000     -0.3369726586      0.0000000000     -0.3336223077      0.0000000000
     -0.0034583047      0.0000000000     -0.0032982904      0.0000000000     -0.0028069525      0.0000000000     -0.0020141156      0.0000000000     -0.0009726586      0.0000000000      0.0023776923      0.0000000000
      0.9725416953      0.0000000000      0.9727017096      0.0000000000      0.9731930475      0.0000000000      0.9739858844      0.0000000000      0.9750273414      0.0000000000      0.9783776923      0.0000000000
      2.5885416953      0.0000000000      2.5887017096      0.0000000000      2.5891930475      0.0000000000      2.5899858844      0.0000000000      2.5910273414      0.0000000000      2.5943776923      0.0000000000
      4.8445416953      0.0000000000      4.8447017096      0.0000000000      4.8451930475      0.0000000000      4.8459858844      0.0000000000      4.8470273414      0.0000000000      4.8503776923      0.0000000000
      7.6026024053      0.0000000000      7.6027329695      0.0000000000      7.6031340371      0.0000000000      7.6037817292      0.0000000000      7.6046334911      0.0000000000      7.6073781265      0.0000000000
      4.7386024053      0.0000000000      4.7387329695      0.0000000000      4.7391340371      0.0000000000      4.7397817292      0.0000000000      4.7406334911      0.0000000000      4.7433781265      0.0000000000
      2.5146024053      0.0000000000      2.5147329695      0.0000000000      2.5151340371      0.0000000000      2.5157817292      0.0000000000      2.5166334911      0.0000000000      2.5193781265      0.0000000000
      0.9306024053      0.0000000000      0.9307329695      0.0000000000      0.9311340371      0.0000000000      0.9317817292      0.0000000000      0.9326334911      0.0000000000      0.9353781265      0.0000000000
     -0.0133975947      0.0000000000     -0.0132670305      0.0000000000     -0.0128659629      0.0000000000     -0.0122182708      0.0000000000     -0.0113665089      0.0000000000     -0.0086218735      0.0000000000
     -0.3173975947      0.0000000000     -0.3172670305      0.0000000000     -0.3168659629      0.0000000000     -0.3162182708      0.0000000000     -0.3153665089      0.0000000000     -0.3126218735      0.0000000000
      0.0186024053      0.0000000000      0.0187329695      0.0000000000      0.0191340371      0.0000000000      0.0197817292      0.0000000000      0.0206334911      0.0000000000      0.0233781265      0.0000000000
      0.9946024053      0.0000000000      0.9947329695      0.0000000000      0.9951340371      0.0000000000      0.9957817292      0.0000000000      0.9966334911      0.0000000000      0.9993781265      0.0000000000
      2.6106024053      0.0000000000      2.6107329695      0.0000000000      2.6111340371      0.0000000000      2.6117817292      0.0000000000      2.6126334911      0.0000000000      2.6153781265      0.0000000000
      4.8666024053      0.0000000000      4.8667329695      0.0000000000      4.8671340371      0.0000000000      4.8677817292      0.0000000000      4.8686334911      0.0000000000      4.8713781265      0.0000000000
      7.6219248828      0.0000000000      7.6220328661      0.0000000000      7.6223646769      0.0000000000      7.6229008760      0.0000000000      7.6236066711      0.0000000000      7.6258840355      0.0000000000
      4.7579248828      0.0000000000      4.7580328661      0.0000000000      4.7583646769      0.0000000000      4.7589008760      0.0000000000      4.7596066711      0.0000000000      4.7618840355      0.0000000000
      2.5339248828      0.0000000000      2.5340328661      0.0000000000      2.5343646769      0.0000000000      2.5349008760      0.0000000000      2.5356066711      0.0000000000      2.5378840355      0.0000000000
      0.9499248828      0.0000000000      0.9500328661      0.0000000000      0.9503646769      0.0000000000      0.9509008760      0.0000000000      0.9516066711      0.0000000000      0.9538840355      0.0000000000
      0.0059248828      0.0000000000      0.0060328661      0.0000000000      0.0063646769      0.0000000000      0.0069008760      0.0000000000      0.0076066711      0.0000000000      0.0098840355      0.0000000000
     -0.2980751172      0.0000000000     -0.2979671339      0.0000000000     -0.2976353231      0.0000000000     -0.2970991240      0.0000000000     -0.2963933289      0.0000000000     -0.2941159645      0.0000000000
      0.0379248828      0.0000000000      0.0380328661      0.0000000000      0.0383646769      0.0000000000      0.0389008760      0.0000000000      0.0396066711      0.0000000000      0.0418840355      0.0000000000
      1.0139248828      0.0000000000      1.0140328661      0.0000000000      1.0143646769      0.0000000000      1.0149008760      0.0000000000      1.0156066711      0.0000000000      1.0178840355      0.0000000000
      2.6299248828      0.0000000000      2.6300328661      0.0000000000      2.6303646769      0.0000000000      2.6309008760      0.0000000000      2.6316066711      0.0000000000      2.6338840355      0.0000000000
      4.8859248828      0.0000000000      4.8860328661      0.0000000000      4.8863646769      0.0000000000      4.8869008760      0.0000000000      4.8876066711      0.0000000000      4.8898840355      0.0000000000
      7.6389965727      0.0000000000      7.6390869371      0.0000000000      7.6393646833      0.0000000000      7.6398137588      0.0000000000      7.6404053294      0.0000000000      7.6423162723      0.0000000000
      4.7749965727      0.0000000000      4.7750869371      0.0000000000      4.7753646833      0.0000000000      4.7758137588      0.0000000000      4.7764053294      0.0000000000      4.7783162723      0.0000000000
      2.5509965727      0.0000000000      2.5510869371      0.0000000000      2.5513646833      0.0000000000      2.5518137588      0.0000000000      2.5524053294      0.0000000000      2.5543162723      0.0000000000
      0.9669965727      0.0000000000      0.9670869371      0.0000000000      0.9673646833      0.0000000000      0.9678137588      0.0000000000      0.9684053294      0.0000000000      0.9703162723      0.0000000000
      0.0229965727      0.0000000000      0.0230869371      0.0000000000      0.0233646833      0.0000000000      0.0238137588      0.0000000000      0.0244053294      0.0000000000      0.0263162723      0.0000000000
     -0.2810034273      0.0000000000     -0.2809130629      0.0000000000     -0.2806353167      0.0000000000     -0.2801862412      0.0000000000     -0.2795946706      0.0000000000     -0.2776837277      0.0000000000
      0.0549965727      0.0000000000      0.0550869371      0.0000000000      0.0553646833      0.0000000000      0.0558137588      0.0000000000      0.0564053294      0.0000000000      0.0583162723      0.0000000000
      1.0309965727      0.0000000000      1.0310869371      0.0000000000      1.0313646833      0.0000000000      1.0318137588      0.0000000000      1.0324053294      0.0000000000      1.0343162723      0.0000000000
      2.6469965727      0.0000000000      2.6470869371      0.0000000000      2.6473646833      0.0000000000      2.6478137588      0.0000000000      2.6484053294      0.0000000000      2.6503162723      0.0000000000
      4.9029965727      0.0000000000      4.9030869371      0.0000000000      4.9033646833      0.0000000000      4.9038137588      0.0000000000      4.9044053294      0.0000000000      4.9063162723      0.0000000000
      7.6541942319      0.0000000000      7.6542706384      0.0000000000      7.6545055363      0.0000000000      7.6548855055      0.0000000000      7.6553863654      0.0000000000      7.6570058111      0.0000000000
      4.7901942319      0.0000000000      4.7902706384      0.0000000000      4.7905055363      0.0000000000      4.7908855055      0.0000000000      4.7913863654      0.0000000000      4.7930058111      0.0000000000
      2.5661942319      0.0000000000      2.5662706384      0.0000000000      2.5665055363      0.0000000000      2.5668855055      0.0000000000      2.5673863654      0.0000000000      2.5690058111      0.0000000000
      0.9821942319      0.0000000000      0.9822706384      0.0000000000      0.9825055363      0.0000000000      0.9828855055      0.0000000000      0.9833863654      0.0000000000      0.9850058111      0.0000000000
      0.0381942319      0.0000000000      0.0382706384      0.0000000000      0.0385055363      0.0000000000      0.0388855055      0.0000000000      0.0393863654      0.0000000000      0.0410058111      0.0000000000
     -0.2658057681      0.0000000000     -0.2657293616      0.0000000000     -0.2654944637      0.0000000000     -0.2651144945      0.0000000000     -0.2646136346      0.0000000000     -0.2629941889      0.0000000000
      0.0701942319      0.0000000000      0.0702706384      0.0000000000      0.0705055363      0.0000000000      0.0708855055      0.0000000000      0.0713863654      0.0000000000      0.0730058111      0.0000000000
      1.0461942319      0.0000000000      1.0462706384      0.0000000000      1.0465055363      0.0000000000      1.0468855055      0.0000000000      1.0473863654      0.0000000000      1.0490058111      0.0000000000
      2.6621942319      0.0000000000      2.6622706384      0.0000000000      2.6625055363      0.0000000000      2.6628855055      0.0000000000      2.6633863654      0.0000000000      2.6650058111      0.0000000000
      4.9181942319      0.0000000000      4.9182706384      0.0000000000      4.9185055363      0.0000000000      4.9188855055      0.0000000000      4.9193863654      0.0000000000      4.9210058111      0.0000000000
      7.6678140075      0.0000000000      7.6678792075      0.0000000000      7.6680796914      0.0000000000      7.6684041178      0.0000000000      7.6688319982      0.0000000000      7.6702165817      0.0000000000
      4.8038140075      0.0000000000      4.8038792075      0.0000000000      4.8040796914      0.0000000000      4.8044041178      0.0000000000      4.8048319982      0.0000000000      4.8062165817      0.0000000000
      2.5798140075      0.0000000000      2.5798792075      0.0000000000      2.5800796914      0.0000000000      2.5804041178      0.0000000000      2.5808319982      0.0000000000      2.5822165817      0.0000000000
      0.9958140075      0.0000000000      0.9958792075      0.0000000000      0.9960796914      0.0000000000      0.9964041178      0.0000000000      0.9968319982      0.0000000000      0.9982165817      0.0000000000
      0.0518140075      0.0000000000      0.0518792075      0.0000000000      0.0520796914      0.0000000000      0.0524041178      0.0000000000      0.0528319982      0.0000000000      0.0542165817      0.0000000000
     -0.2521859925      0.0000000000     -0.2521207925      0.0000000000     -0.2519203086      0.0000000000     -0.2515958822      0.0000000000     -0.2511680018      0.0000000000     -0.2497834183      0.0000000000
      0.0838140075      0.0000000000      0.0838792075      0.0000000000      0.0840796914      0.0000000000      0.0844041178      0.0000000000      0.0848319982      0.0000000000      0.0862165817      0.0000000000
      1.0598140075      0.0000000000      1.0598792075      0.0000000000      1.0600796914      0.0000000000      1.0604041178      0.0000000000      1.0608319982      0.0000000000      1.0622165817      0.0000000000
      2.6758140075      0.0000000000      2.6758792075      0.0000000000      2.6760796914      0.0000000000      2.6764041178      0.0000000000      2.6768319982      0.0000000000      2.6782165817      0.0000000000
      4.9318140075      0.0000000000      4.9318792075      0.0000000000      4.9320796914      0.0000000000      4.9324041178      0.0000000000      4.9328319982      0.0000000000      4.9342165817      0.0000000000
