     -3.9950000000     -0.2406930248     -0.2406365165     -0.2404627318     -0.2401814220     -0.2398102414     -0.2393774853     -0.2389285886     -0.2385416175     -0.2383395827     -0.2383860401     -0.2386083512
     -3.9750000000     -0.2418720077     -0.2418146606     -0.2416382991     -0.2413528271     -0.2409761711     -0.2405370547     -0.2400815859     -0.2396889674     -0.2394839835     -0.2395310999     -0.2397566298
     -3.9550000000     -0.2430627308     -0.2430045282     -0.2428255384     -0.2425358210     -0.2421535809     -0.2417079783     -0.2412458081     -0.2408474315     -0.2406394406     -0.2406872286     -0.2409160396
     -3.9350000000     -0.2442653726     -0.2442062972     -0.2440246262     -0.2437305784     -0.2433426425     -0.2428904248     -0.2424214207     -0.2420171723     -0.2418061152     -0.2418545875     -0.2420867437
     -3.9150000000     -0.2454801149     -0.2454201490     -0.2452357427     -0.2449372771     -0.2445435311     -0.2440845662     -0.2436085921     -0.2431983558     -0.2429841717     -0.2430333413     -0.2432689084
     -3.8950000000     -0.2467071435     -0.2466462691     -0.2464590718     -0.2461560990     -0.2457564255     -0.2452905778     -0.2448074945     -0.2443911511     -0.2441737777     -0.2442236580     -0.2444627030
     -3.8750000000     -0.2479466480     -0.2478848464     -0.2476948011     -0.2473872292     -0.2469815081     -0.2465086386     -0.2460183032     -0.2455957305     -0.2453751040     -0.2454257088     -0.2456683006
     -3.8550000000     -0.2491988219     -0.2491360741     -0.2489431223     -0.2486308572     -0.2482189651     -0.2477389312     -0.2472411974     -0.2468122701     -0.2465883251     -0.2466396682     -0.2468858775
     -3.8350000000     -0.2504638628     -0.2504001492     -0.2502042310     -0.2498871760     -0.2494689864     -0.2489816420     -0.2484763595     -0.2480409492     -0.2478136186     -0.2478657145     -0.2481156135
     -3.8150000000     -0.2517419726     -0.2516772731     -0.2514783269     -0.2511563829     -0.2507317660     -0.2502369612     -0.2497239760     -0.2492819509     -0.2490511659     -0.2491040293     -0.2493576921
     -3.7950000000     -0.2530333573     -0.2529676514     -0.2527656139     -0.2524386793     -0.2520075018     -0.2515050827     -0.2509842369     -0.2505354620     -0.2503011521     -0.2503547980     -0.2506123007
     -3.7750000000     -0.2543382276     -0.2542714940     -0.2540663005     -0.2537342707     -0.2532963960     -0.2527862049     -0.2522573362     -0.2518016731     -0.2515637657     -0.2516182096     -0.2518796301
     -3.7550000000     -0.2556567983     -0.2555890155     -0.2553805992     -0.2550433671     -0.2545986550     -0.2540805298     -0.2535434722     -0.2530807785     -0.2528391996     -0.2528944572     -0.2531598755
     -3.7350000000     -0.2569892893     -0.2569204348     -0.2567087276     -0.2563661832     -0.2559144895     -0.2553882641     -0.2548428468     -0.2543729768     -0.2541276501     -0.2541837376     -0.2544532357
     -3.7150000000     -0.2583359249     -0.2582659760     -0.2580509075     -0.2577029378     -0.2572441149     -0.2567096186     -0.2561556665     -0.2556784705     -0.2554293179     -0.2554862519     -0.2557599138
     -3.6950000000     -0.2596969347     -0.2596258678     -0.2594073660     -0.2590538550     -0.2585877510     -0.2580448086     -0.2574821420     -0.2569974665     -0.2567444076     -0.2568022052     -0.2570801173
     -3.6750000000     -0.2610725530     -0.2610003439     -0.2607783348     -0.2604191633     -0.2599456224     -0.2593940541     -0.2588224885     -0.2583301757     -0.2580731283     -0.2581318069     -0.2584140576
     -3.6550000000     -0.2624630196     -0.2623896435     -0.2621640509     -0.2617990966     -0.2613179587     -0.2607575798     -0.2601769257     -0.2596768139     -0.2594156934     -0.2594752708     -0.2597619511
     -3.6350000000     -0.2638685793     -0.2637940108     -0.2635647566     -0.2631938937     -0.2627049943     -0.2621356151     -0.2615456780     -0.2610376009     -0.2607723205     -0.2608328152     -0.2611240182
     -3.6150000000     -0.2652894827     -0.2652136955     -0.2649806994     -0.2646037988     -0.2641069689     -0.2635283946     -0.2629289746     -0.2624127617     -0.2621432323     -0.2622046629     -0.2625004844
     -3.5950000000     -0.2667259860     -0.2666489532     -0.2664121326     -0.2660290613     -0.2655241274     -0.2649361578     -0.2643270498     -0.2638025258     -0.2635286558     -0.2635910416     -0.2638915799
     -3.5750000000     -0.2681783509     -0.2681000449     -0.2678593149     -0.2674699366     -0.2669567202     -0.2663591496     -0.2657401427     -0.2652071277     -0.2649288230     -0.2649921839     -0.2652975398
     -3.5550000000     -0.2696468456     -0.2695672378     -0.2693225112     -0.2689266856     -0.2684050033     -0.2677976204     -0.2671684979     -0.2666268069     -0.2663439710     -0.2664083272     -0.2667186043
     -3.5350000000     -0.2711317440     -0.2710508052     -0.2708019923     -0.2703995750     -0.2698692384     -0.2692518258     -0.2686123651     -0.2680618082     -0.2677743419     -0.2678397141     -0.2681550188
     -3.5150000000     -0.2726333266     -0.2725510267     -0.2722980351     -0.2718888779     -0.2713496930     -0.2707220275     -0.2700719998     -0.2695123817     -0.2692201829     -0.2692865926     -0.2696070342
     -3.4950000000     -0.2741518803     -0.2740681882     -0.2738109232     -0.2733948734     -0.2728466410     -0.2722084928     -0.2715476630     -0.2709787830     -0.2706817469     -0.2707492159     -0.2710749067
     -3.4750000000     -0.2756876987     -0.2756025827     -0.2753409465     -0.2749178472     -0.2743603621     -0.2737114953     -0.2730396215     -0.2724612734     -0.2721592922     -0.2722278430     -0.2725588984
     -3.4550000000     -0.2772410824     -0.2771545097     -0.2768884018     -0.2764580915     -0.2758911429     -0.2752313145     -0.2745481480     -0.2739601198     -0.2736530827     -0.2737227384     -0.2740592769
     -3.4350000000     -0.2788123392     -0.2787242759     -0.2784535930     -0.2780159055     -0.2774392764     -0.2767682365     -0.2760735217     -0.2754755952     -0.2751633883     -0.2752341726     -0.2755763161
     -3.4150000000     -0.2804017839     -0.2803121955     -0.2800368309     -0.2795915952     -0.2790050624     -0.2783225540     -0.2776160278     -0.2770079789     -0.2766904850     -0.2767624221     -0.2771102959
     -3.3950000000     -0.2820097392     -0.2819185898     -0.2816384342     -0.2811854742     -0.2805888077     -0.2798945664     -0.2791759582     -0.2785575561     -0.2782346547     -0.2783077697     -0.2786615025
     -3.3750000000     -0.2836365356     -0.2835437883     -0.2832587287     -0.2827978631     -0.2821908264     -0.2814845800     -0.2807536113     -0.2801246188     -0.2797961860     -0.2798705044     -0.2802302287
     -3.3550000000     -0.2852825113     -0.2851881282     -0.2848980484     -0.2844290906     -0.2838114401     -0.2830929084     -0.2823492927     -0.2817094656     -0.2813753737     -0.2814509220     -0.2818167739
     -3.3350000000     -0.2869480130     -0.2868519551     -0.2865567354     -0.2860794932     -0.2854509780     -0.2847198725     -0.2839633149     -0.2833124019     -0.2829725196     -0.2830493248     -0.2834214444
     -3.3150000000     -0.2886333961     -0.2885356231     -0.2882351402     -0.2877494154     -0.2871097773     -0.2863658009     -0.2855959977     -0.2849337401     -0.2845879324     -0.2846660222     -0.2850445537
     -3.2950000000     -0.2903390246     -0.2902394950     -0.2899336216     -0.2894392102     -0.2887881830     -0.2880310299     -0.2872476685     -0.2865738002     -0.2862219278     -0.2863013309     -0.2866864225
     -3.2750000000     -0.2920652715     -0.2919639425     -0.2916525478     -0.2911492395     -0.2904865490     -0.2897159040     -0.2889186624     -0.2882329092     -0.2878748290     -0.2879555746     -0.2883473789
     -3.2550000000     -0.2938125195     -0.2937093470     -0.2933922959     -0.2928798739     -0.2922052376     -0.2914207760     -0.2906093225     -0.2899114021     -0.2895469665     -0.2896290848     -0.2900277590
     -3.2350000000     -0.2955811606     -0.2954760992     -0.2951532525     -0.2946314934     -0.2939446198     -0.2931460072     -0.2923200001     -0.2916096217     -0.2912386789     -0.2913222009     -0.2917279066
     -3.2150000000     -0.2973715971     -0.2972645999     -0.2969358139     -0.2964044873     -0.2957050764     -0.2948919677     -0.2940510551     -0.2933279191     -0.2929503125     -0.2930352701     -0.2934481737
     -3.1950000000     -0.2991842416     -0.2990752601     -0.2987403867     -0.2981992550     -0.2974869970     -0.2966590370     -0.2958028559     -0.2950666538     -0.2946822220     -0.2947686480     -0.2951889210
     -3.1750000000     -0.3010195171     -0.3009085014     -0.3005673879     -0.3000162058     -0.2992907816     -0.2984476036     -0.2975757802     -0.2968261937     -0.2964347706     -0.2965226987     -0.2969505177
     -3.1550000000     -0.3028778578     -0.3027647565     -0.3024172452     -0.3018557598     -0.3011168399     -0.3002580660     -0.2993702146     -0.2986069160     -0.2982083302     -0.2982977950     -0.2987333419
     -3.1350000000     -0.3047597093     -0.3046444693     -0.3042903973     -0.3037183477     -0.3029655923     -0.3020908326     -0.3011865556     -0.3004092068     -0.3000032817     -0.3000943188     -0.3005377811
     -3.1150000000     -0.3066655290     -0.3065480952     -0.3061872946     -0.3056044114     -0.3048374697     -0.3039463220     -0.3030252093     -0.3022334618     -0.3018200153     -0.3019126615     -0.3023642322
     -3.0950000000     -0.3085957863     -0.3084761021     -0.3081083993     -0.3075144043     -0.3067329145     -0.3058249637     -0.3048865923     -0.3040800865     -0.3036589307     -0.3037532237     -0.3042131019
     -3.0750000000     -0.3105509632     -0.3104289701     -0.3100541860     -0.3094487920     -0.3086523802     -0.3077271980     -0.3067711313     -0.3059494966     -0.3055204376     -0.3056164162     -0.3060848072
     -3.0550000000     -0.3125315548     -0.3124071923     -0.3120251418     -0.3114080521     -0.3105963325     -0.3096534766     -0.3086792642     -0.3078421178     -0.3074049558     -0.3075026601     -0.3079797755
     -3.0350000000     -0.3145380697     -0.3144112752     -0.3140217669     -0.3133926751     -0.3125652491     -0.3116042630     -0.3106114399     -0.3097583870     -0.3093129156     -0.3094123866     -0.3098984446
     -3.0150000000     -0.3165710301     -0.3164417391     -0.3160445755     -0.3154031648     -0.3145596207     -0.3135800327     -0.3125681188     -0.3116987519     -0.3112447581     -0.3113460383     -0.3118412640
     -2.9950000000     -0.3186309731     -0.3184991188     -0.3180940954     -0.3174400385     -0.3165799508     -0.3155812738     -0.3145497733     -0.3136636716     -0.3132009355     -0.3133040685     -0.3138086942
     -2.9750000000     -0.3207184503     -0.3205839636     -0.3201708691     -0.3195038277     -0.3186267566     -0.3176084873     -0.3165568882     -0.3156536172     -0.3151819118     -0.3152869425     -0.3158012079
     -2.9550000000     -0.3228340289     -0.3226968383     -0.3222754543     -0.3215950784     -0.3207005694     -0.3196621876     -0.3185899608     -0.3176690719     -0.3171881626     -0.3172951372     -0.3178192896
     -2.9350000000     -0.3249782922     -0.3248383239     -0.3244084242     -0.3237143519     -0.3228019348     -0.3217429028     -0.3206495017     -0.3197105313     -0.3192201758     -0.3193291421     -0.3198634368
     -2.9150000000     -0.3271518399     -0.3270090174     -0.3265703681     -0.3258622250     -0.3249314137     -0.3238511756     -0.3227360351     -0.3217785041     -0.3212784521     -0.3213894593     -0.3219341599
     -2.8950000000     -0.3293552892     -0.3292095332     -0.3287618922     -0.3280392908     -0.3270895823     -0.3259875631     -0.3248500991     -0.3238735125     -0.3233635053     -0.3234766039     -0.3240319827
     -2.8750000000     -0.3315892747     -0.3314405033     -0.3309836199     -0.3302461592     -0.3292770331     -0.3281526381     -0.3269922465     -0.3259960926     -0.3254758626     -0.3255911048     -0.3261574431
     -2.8550000000     -0.3338544498     -0.3337025781     -0.3332361928     -0.3324834575     -0.3314943750     -0.3303469889     -0.3291630450     -0.3281467946     -0.3276160652     -0.3277335048     -0.3283110932
     -2.8350000000     -0.3361514871     -0.3359964271     -0.3355202710     -0.3347518311     -0.3337422346     -0.3325712204     -0.3313630779     -0.3303261836     -0.3297846689     -0.3299043614     -0.3304935000
     -2.8150000000     -0.3384810788     -0.3383227395     -0.3378365339     -0.3370519440     -0.3360212559     -0.3348259544     -0.3335929445     -0.3325348403     -0.3319822441     -0.3321042467     -0.3327052461
     -2.7950000000     -0.3408439382     -0.3406822250     -0.3401856813     -0.3393844798     -0.3383321018     -0.3371118304     -0.3358532608     -0.3347733608     -0.3342093771     -0.3343337488     -0.3349469297
     -2.7750000000     -0.3432407997     -0.3430756147     -0.3425684335     -0.3417501421     -0.3406754544     -0.3394295059     -0.3381446600     -0.3370423579     -0.3364666698     -0.3365934713     -0.3372191656
     -2.7550000000     -0.3456724201     -0.3455036618     -0.3449855328     -0.3441496554     -0.3430520155     -0.3417796577     -0.3404677931     -0.3393424613     -0.3387547406     -0.3388840348     -0.3395225857
     -2.7350000000     -0.3481395795     -0.3479671424     -0.3474377436     -0.3465837661     -0.3454625080     -0.3441629816     -0.3428233296     -0.3416743182     -0.3410742252     -0.3412060768     -0.3418578394
     -2.7150000000     -0.3506430818     -0.3504668567     -0.3499258540     -0.3490532428     -0.3479076760     -0.3465801943     -0.3452119582     -0.3440385940     -0.3434257768     -0.3435602528     -0.3442255944
     -2.6950000000     -0.3531837562     -0.3530036295     -0.3524506763     -0.3515588779     -0.3503882859     -0.3490320331     -0.3476343875     -0.3464359730     -0.3458100670     -0.3459472363     -0.3466265373
     -2.6750000000     -0.3557624577     -0.3555783116     -0.3550130480     -0.3541014877     -0.3529051273     -0.3515192574     -0.3500913464     -0.3488671590     -0.3482277863     -0.3483677202     -0.3490613742
     -2.6550000000     -0.3583800687     -0.3581917808     -0.3576138330     -0.3566819142     -0.3554590140     -0.3540426492     -0.3525835853     -0.3513328758     -0.3506796449     -0.3508224168     -0.3515308317
     -2.6350000000     -0.3610374994     -0.3608449426     -0.3602539222     -0.3593010255     -0.3580507846     -0.3566030141     -0.3551118768     -0.3538338684     -0.3531663731     -0.3533120591     -0.3540356571
     -2.6150000000     -0.3637356898     -0.3635387318     -0.3629342354     -0.3619597170     -0.3606813037     -0.3592011820     -0.3576770162     -0.3563709034     -0.3556887225     -0.3558374011     -0.3565766197
     -2.5950000000     -0.3664756101     -0.3662741136     -0.3656557216     -0.3646589127     -0.3633514630     -0.3618380083     -0.3602798229     -0.3589447699     -0.3582474665     -0.3583992187     -0.3591545113
     -2.5750000000     -0.3692582625     -0.3690520846     -0.3684193609     -0.3673995662     -0.3660621822     -0.3645143749     -0.3629211409     -0.3615562803     -0.3608434010     -0.3609983106     -0.3617701472
     -2.5550000000     -0.3720846827     -0.3718736746     -0.3712261655     -0.3701826618     -0.3688144103     -0.3672311910     -0.3656018398     -0.3642062714     -0.3634773454     -0.3636354990     -0.3644243669
     -2.5350000000     -0.3749559406     -0.3747399477     -0.3740771811     -0.3730092162     -0.3716091268     -0.3699893943     -0.3683228158     -0.3668956049     -0.3661501436     -0.3663116305     -0.3671180353
     -2.5150000000     -0.3778731425     -0.3776520038     -0.3769734882     -0.3758802793     -0.3744473425     -0.3727899522     -0.3710849932     -0.3696251689     -0.3688626645     -0.3690275774     -0.3698520433
     -2.4950000000     -0.3808374324     -0.3806109801     -0.3799162038     -0.3787969361     -0.3773301017     -0.3756338630     -0.3738893246     -0.3723958783     -0.3716158034     -0.3717842379     -0.3726273090
     -2.4750000000     -0.3838499938     -0.3836180530     -0.3829064830     -0.3817603080     -0.3802584827     -0.3785221573     -0.3767367930     -0.3752086763     -0.3744104828     -0.3745825377     -0.3754447789
     -2.4550000000     -0.3869120511     -0.3866744398     -0.3859455206     -0.3847715544     -0.3832335998     -0.3814558988     -0.3796284122     -0.3780645353     -0.3772476534     -0.3774234311     -0.3783054287
     -2.4350000000     -0.3900248720     -0.3897814003     -0.3890345529     -0.3878318742     -0.3862566046     -0.3844361863     -0.3825652286     -0.3809644582     -0.3801282952     -0.3803079015     -0.3812102645
     -2.4150000000     -0.3931897690     -0.3929402388     -0.3921748593     -0.3909425080     -0.3893286879     -0.3874641549     -0.3855483223     -0.3839094795     -0.3830534188     -0.3832369633     -0.3841603244
     -2.3950000000     -0.3964081017     -0.3961523063     -0.3953677647     -0.3941047393     -0.3924510808     -0.3905409775     -0.3885788084     -0.3869006664     -0.3860240665     -0.3862116625     -0.3871566791
     -2.3750000000     -0.3996812788     -0.3994190025     -0.3986146414     -0.3973198970     -0.3956250571     -0.3936678666     -0.3916578387     -0.3899391205     -0.3890413136     -0.3892330783     -0.3902004340
     -2.3550000000     -0.4030107609     -0.4027417783     -0.4019169112     -0.4005893573     -0.3988519351     -0.3968460758     -0.3947866032     -0.3930259790     -0.3921062695     -0.3923023244     -0.3932927297
     -2.3350000000     -0.4063980622     -0.4061221381     -0.4052760478     -0.4039145457     -0.4021330791     -0.4000769016     -0.3979663315     -0.3961624159     -0.3952200794     -0.3954205502     -0.3964347444
     -2.3150000000     -0.4098447538     -0.4095616420     -0.4086935794     -0.4072969396     -0.4054699023     -0.4033616856     -0.4011982945     -0.3993496441     -0.3983839257     -0.3985889426     -0.3996276947
     -2.2950000000     -0.4133524660     -0.4130619093     -0.4121710909     -0.4107380705     -0.4088638681     -0.4067018161     -0.4044838066     -0.4025889167     -0.4015990292     -0.4018087271     -0.4028728375
     -2.2750000000     -0.4169228914     -0.4166246208     -0.4157102272     -0.4142395266     -0.4123164933     -0.4100987305     -0.4078242270     -0.4058815284     -0.4048666513     -0.4050811698     -0.4061714718
     -2.2550000000     -0.4205577880     -0.4202515218     -0.4193126957     -0.4178029557     -0.4158293502     -0.4135539174     -0.4112209621     -0.4092288180     -0.4081880949     -0.4084075788     -0.4095249404
     -2.2350000000     -0.4242589825     -0.4239444258     -0.4229802697     -0.4214300679     -0.4194040691     -0.4170689189     -0.4146754674     -0.4126321695     -0.4115647070     -0.4117893062     -0.4129346315
     -2.2150000000     -0.4280283737     -0.4277052176     -0.4267147915     -0.4251226387     -0.4230423413     -0.4206453333     -0.4181892500     -0.4160930148     -0.4149978798     -0.4152277498     -0.4164019812
     -2.1950000000     -0.4318679364     -0.4315358570     -0.4305181758     -0.4288825124     -0.4267459221     -0.4242848174     -0.4217638702     -0.4196128351     -0.4184890533     -0.4187243551     -0.4199284750
     -2.1750000000     -0.4357797252     -0.4354383830     -0.4343924139     -0.4327116056     -0.4305166336     -0.4279890895     -0.4254009449     -0.4231931636     -0.4220397169     -0.4222806175     -0.4235156505
     -2.1550000000     -0.4397658788     -0.4394149175     -0.4383395773     -0.4366119103     -0.4343563686     -0.4317599325     -0.4291021494     -0.4268355876     -0.4256514117     -0.4258980843     -0.4271650992
     -2.1350000000     -0.4438286245     -0.4434676701     -0.4423618219     -0.4405854987     -0.4382670934     -0.4355991967     -0.4328692207     -0.4305417510     -0.4293257330     -0.4295783571     -0.4308784694
     -2.1150000000     -0.4479702829     -0.4475989427     -0.4464613926     -0.4446345267     -0.4422508521     -0.4395088030     -0.4367039599     -0.4343133569     -0.4330643324     -0.4333230942     -0.4346574684
     -2.0950000000     -0.4521932732     -0.4518111344     -0.4506406282     -0.4487612387     -0.4463097704     -0.4434907472     -0.4406082358     -0.4381521700     -0.4368689202     -0.4371340129     -0.4385038655
     -2.0750000000     -0.4565001188     -0.4561067472     -0.4549019665     -0.4529679719     -0.4504460599     -0.4475471025     -0.4445839877     -0.4420600201     -0.4407412688     -0.4410128926     -0.4424194945
     -2.0550000000     -0.4608934527     -0.4604883917     -0.4592479496     -0.4572571620     -0.4546620225     -0.4516800247     -0.4486332289     -0.4460388044     -0.4446832148     -0.4449615775     -0.4464062571
     -2.0350000000     -0.4653760242     -0.4649587931     -0.4636812301     -0.4616313479     -0.4589600551     -0.4558917555     -0.4527580508     -0.4500904914     -0.4486966620     -0.4489819793     -0.4504661255
     -2.0150000000     -0.4699507056     -0.4695207980     -0.4682045770     -0.4660931780     -0.4633426551     -0.4601846273     -0.4569606261     -0.4542171237     -0.4527835853     -0.4530760808     -0.4546011466
     -1.9950000000     -0.4746204993     -0.4741773813     -0.4728208827     -0.4706454161     -0.4678124258     -0.4645610682     -0.4612432134     -0.4584208221     -0.4569460329     -0.4572459389     -0.4588134449
     -1.9750000000     -0.4793885456     -0.4789316542     -0.4775331701     -0.4752909480     -0.4723720819     -0.4690236067     -0.4656081614     -0.4627037891     -0.4611861309     -0.4614936881     -0.4631052262
     -1.9550000000     -0.4842581311     -0.4837868721     -0.4823446007     -0.4800327885     -0.4770244560     -0.4735748773     -0.4700579135     -0.4670683130     -0.4655060863     -0.4658215447     -0.4674787822
     -1.9350000000     -0.4892326978     -0.4887464435     -0.4872584822     -0.4848740895     -0.4817725055     -0.4782176262     -0.4745950129     -0.4715167721     -0.4699081913     -0.4702318103     -0.4719364942
     -1.9150000000     -0.4943158525     -0.4938139396     -0.4922782782     -0.4898181473     -0.4866193194     -0.4829547176     -0.4792221074     -0.4760516396     -0.4743948273     -0.4747268761     -0.4764808378
     -1.8950000000     -0.4995113776     -0.4989931044     -0.4974076176     -0.4948684124     -0.4915681263     -0.4877891402     -0.4839419559     -0.4806754881     -0.4789684694     -0.4793092272     -0.4811143876
     -1.8750000000     -0.5048232422     -0.5042878661     -0.5026503050     -0.5000284979     -0.4966223026     -0.4927240143     -0.4887574334     -0.4853909947     -0.4836316911     -0.4839814479     -0.4858398222
     -1.8550000000     -0.5102556144     -0.5097023488     -0.5080103320     -0.5053021905     -0.5017853813     -0.4977625994     -0.4936715381     -0.4902009470     -0.4883871694     -0.4887462258     -0.4906599296
     -1.8350000000     -0.5158128746     -0.5152408853     -0.5134918891     -0.5106934610     -0.5070610616     -0.5029083023     -0.4986873977     -0.4951082480     -0.4932376900     -0.4936063579     -0.4955776129
     -1.8150000000     -0.5214996296     -0.5209080317     -0.5190993796     -0.5162064763     -0.5124532192     -0.5081646860     -0.5038082772     -0.5001159234     -0.4981861528     -0.4985647559     -0.5005958967
     -1.7950000000     -0.5273207286     -0.5267085824     -0.5248374332     -0.5218456125     -0.5179659176     -0.5135354786     -0.5090375863     -0.5052271273     -0.5032355782     -0.5036244520     -0.5057179327
     -1.7750000000     -0.5332812797     -0.5326475865     -0.5307109217     -0.5276154683     -0.5236034199     -0.5190245838     -0.5143788881     -0.5104451500     -0.5083891133     -0.5087886057     -0.5109470076
     -1.7550000000     -0.5393866688     -0.5387303661     -0.5367249761     -0.5335208806     -0.5293702019     -0.5246360919     -0.5198359077     -0.5157734247     -0.5136500387     -0.5140605103     -0.5162865496
     -1.7350000000     -0.5456425797     -0.5449625360     -0.5428850047     -0.5395669403     -0.5352709659     -0.5303742909     -0.5254125422     -0.5212155367     -0.5190217759     -0.5194436002     -0.5217401370
     -1.7150000000     -0.5520550157     -0.5513500252     -0.5491967133     -0.5457590107     -0.5413106563     -0.5362436798     -0.5311128710     -0.5267752310     -0.5245078947     -0.5249414588     -0.5273115057
     -1.6950000000     -0.5586303243     -0.5578991003     -0.5556661268     -0.5521027467     -0.5474944760     -0.5422489818     -0.5369411669     -0.5324564223     -0.5301121222     -0.5305578264     -0.5330045590
     -1.6750000000     -0.5653752232     -0.5646163917     -0.5622996138     -0.5586041157     -0.5538279043     -0.5483951597     -0.5429019079     -0.5382632044     -0.5358383506     -0.5362966094     -0.5388233763
     -1.6550000000     -0.5722968296     -0.5715089215     -0.5691039120     -0.5652694213     -0.5603167166     -0.5546874310     -0.5489997907     -0.5441998612     -0.5416906477     -0.5421618893     -0.5447722241
     -1.6350000000     -0.5794026920     -0.5785841347     -0.5760861577     -0.5721053281     -0.5669670058     -0.5611312865     -0.5552397443     -0.5502708783     -0.5476732663     -0.5481579332     -0.5508555665
     -1.6150000000     -0.5867008256     -0.5858499340     -0.5832539170     -0.5791188900     -0.5737852055     -0.5677325082     -0.5616269452     -0.5564809550     -0.5537906555     -0.5542892041     -0.5570780772
     -1.5950000000     -0.5941997512     -0.5933147172     -0.5906152212     -0.5863175805     -0.5807781157     -0.5744971908     -0.5681668339     -0.5628350175     -0.5600474722     -0.5605603729     -0.5634446516
     -1.5750000000     -0.6019085383     -0.6009874196     -0.5981786052     -0.5937093265     -0.5879529309     -0.5814317637     -0.5748651331     -0.5693382340     -0.5664485933     -0.5669763305     -0.5699604210
     -1.5550000000     -0.6098368532     -0.6088775604     -0.6059531503     -0.6013025455     -0.5953172707     -0.5885430159     -0.5817278661     -0.5759960293     -0.5729991300     -0.5735422012     -0.5766307669
     -1.5350000000     -0.6179950120     -0.6169952946     -0.6139485316     -0.6091061866     -0.6028792140     -0.5958381227     -0.5887613789     -0.5828141022     -0.5797044414     -0.5802633572     -0.5834613365
     -1.5150000000     -0.6263940405     -0.6253514708     -0.6221750712     -0.6171297761     -0.6106473363     -0.6033246757     -0.5959723625     -0.5897984431     -0.5865701508     -0.5871454336     -0.5904580598
     -1.4950000000     -0.6350457405     -0.6339576960     -0.6306437966     -0.6253834686     -0.6186307511     -0.6110107151     -0.6033678785     -0.5969553545     -0.5936021621     -0.5941943452     -0.5976271677
     -1.4750000000     -0.6439627648     -0.6428264077     -0.6393665072     -0.6338781030     -0.6268391558     -0.6189047656     -0.6109553859     -0.6042914715     -0.6008066783     -0.6014163046     -0.6049752116
     -1.4550000000     -0.6531587007     -0.6519709558     -0.6483558477     -0.6426252659     -0.6352828833     -0.6270158761     -0.6187427721     -0.6118137858     -0.6081902213     -0.6088178410     -0.6125090851
     -1.4350000000     -0.6626481656     -0.6614056940     -0.6576253919     -0.6516373624     -0.6439729581     -0.6353536637     -0.6267383853     -0.6195296709     -0.6157596530     -0.6164058215     -0.6202360464
     -1.4150000000     -0.6724469139     -0.6711460845     -0.6671897364     -0.6609276956     -0.6529211607     -0.6439283621     -0.6349510711     -0.6274469098     -0.6235221988     -0.6241874736     -0.6281637434
     -1.3950000000     -0.6825719597     -0.6812088157     -0.6770646072     -0.6705105567     -0.6621400986     -0.6527508762     -0.6433902131     -0.6355737255     -0.6314854728     -0.6321704096     -0.6363002411
     -1.3750000000     -0.6930417157     -0.6916119370     -0.6872669808     -0.6804013263     -0.6716432869     -0.6618328427     -0.6520657774     -0.6439188146     -0.6396575050     -0.6403626531     -0.6446540507
     -1.3550000000     -0.7038761538     -0.7023750135     -0.6978152224     -0.6906165901     -0.6814452391     -0.6711866978     -0.6609883619     -0.6524913838     -0.6480467718     -0.6487726682     -0.6532341614
     -1.3350000000     -0.7150969879     -0.7135193026     -0.7087292446     -0.7011742711     -0.6915615698     -0.6808257539     -0.6701692521     -0.6613011905     -0.6566622288     -0.6574093907     -0.6620500758
     -1.3150000000     -0.7267278876     -0.7250679596     -0.7200306902     -0.7120937804     -0.7020091123     -0.6907642860     -0.6796204822     -0.6703585878     -0.6655133464     -0.6662822627     -0.6711118472
     -1.2950000000     -0.7387947244     -0.7370462754     -0.7317431431     -0.7233961914     -0.7128060522     -0.7010176292     -0.6893549050     -0.6796745746     -0.6746101498     -0.6754012697     -0.6804301217
     -1.2750000000     -0.7513258604     -0.7494819535     -0.7438923746     -0.7351044417     -0.7239720819     -0.7116022905     -0.6993862699     -0.6892608507     -0.6839632626     -0.6847769822     -0.6900161835
     -1.2550000000     -0.7643524875     -0.7624054365     -0.7565066310     -0.7472435672     -0.7355285785     -0.7225360761     -0.7097293115     -0.6991298792     -0.6935839550     -0.6944206007     -0.6998820048
     -1.2350000000     -0.7779090278     -0.7758502903     -0.7696169729     -0.7598409774     -0.7474988107     -0.7338382388     -0.7203998501     -0.7092949565     -0.7034841974     -0.7043440048     -0.7100403006
     -1.2150000000     -0.7920336105     -0.7898536620     -0.7832576762     -0.7729267794     -0.7599081814     -0.7455296480     -0.7314149075     -0.7197702910     -0.7136767201     -0.7145598087     -0.7205045889
     -1.1950000000     -0.8067686441     -0.8044568280     -0.7974667128     -0.7865341627     -0.7727845127     -0.7576329884     -0.7427928399     -0.7305710925     -0.7241750791     -0.7250814207     -0.7312892572
     -1.1750000000     -0.8221615074     -0.8197058558     -0.8122863279     -0.8006998605     -0.7861583855     -0.7701729936     -0.7545534904     -0.7417136723     -0.7349937300     -0.7359231098     -0.7424096354
     -1.1550000000     -0.8382653928     -0.8356524111     -0.8277637422     -0.8154647071     -0.8000635463     -0.7831767204     -0.7667183644     -0.7532155556     -0.7461481083     -0.7471000779     -0.7538820763
     -1.1350000000     -0.8551403444     -0.8523547504     -0.8439520140     -0.8308743190     -0.8145373961     -0.7966738635     -0.7793108200     -0.7650956009     -0.7576547155     -0.7586285384     -0.7657240443
     -1.1150000000     -0.8728545508     -0.8698789570     -0.8609111091     -0.8469799334     -0.8296215564     -0.8106970823     -0.7923562557     -0.7773741185     -0.7695312082     -0.7705258005     -0.7779542114
     -1.0950000000     -0.8914859748     -0.8883004969     -0.8787092466     -0.8638394117     -0.8453623905     -0.8252822392     -0.8058822514     -0.7900729720     -0.7817964827     -0.7828103560     -0.7905925632
     -1.0750000000     -0.9111244344     -0.9077062083     -0.8974245983     -0.8815180569     -0.8618110675     -0.8404683819     -0.8199185986     -0.8032156378     -0.7944707503     -0.7955019695     -0.8036605127
     -1.0550000000     -0.9318743034     -0.9281968817     -0.9171469067     -0.9000877751     -0.8790226553     -0.8562973388     -0.8344971839     -0.8168272141     -0.8075755947     -0.8086217662     -0.8171810238
     -1.0350000000     -0.9538580778     -0.9498905528     -0.9379749610     -0.9196233597     -0.8970543910     -0.8728130357     -0.8496517659     -0.8309343799     -0.8211340083     -0.8221923194     -0.8311787432
     -1.0150000000     -0.9772211801     -0.9729214154     -0.9600051142     -0.9401975091     -0.9159638018     -0.8900607922     -0.8654177161     -0.8455653206     -0.8351704190     -0.8362377342     -0.8456801448
     -0.9950000000     -1.0021347375     -0.9974071406     -0.9833163422     -0.9618762731     -0.9358071518     -0.9080867251     -0.8818317767     -0.8607496555     -0.8497107122     -0.8507837407     -0.8607136826
     -0.9750000000     -1.0286500387     -1.0233860793     -1.0079578760     -0.9847155069     -0.9566381696     -0.9269372824     -0.8989318854     -0.8765183865     -0.8647822329     -0.8658577772     -0.8763099652
     -0.9550000000     -1.0565705838     -1.0507924005     -1.0339426633     -1.0087579710     -0.9785070230     -0.9466588704     -0.9167570705     -0.8929038874     -0.8804138531     -0.8814890981     -0.8925019414
     -0.9350000000     -1.0856913116     -1.0794809591     -1.0612443972     -1.0340305840     -1.0014588396     -0.9672974703     -0.9353473934     -0.9099398666     -0.8966360265     -0.8977089121     -0.9093251249
     -0.9150000000     -1.1158332326     -1.1092773765     -1.0897982940     -1.0605424266     -1.0255330214     -0.9888983209     -0.9547438460     -0.9276614869     -0.9134807950     -0.9145504691     -0.9268178148
     -0.8950000000     -1.1468378498     -1.1400188302     -1.1195066560     -1.0882833385     -1.0507615702     -1.0115054734     -0.9749883751     -0.9461055002     -0.9309820797     -0.9320493574     -0.9450214288
     -0.8750000000     -1.1785630780     -1.1715606857     -1.1502496690     -1.1172233434     -1.0771681999     -1.0351613269     -0.9961239812     -0.9653100496     -0.9491756458     -0.9502435160     -0.9639807290
     -0.8550000000     -1.2108801945     -1.2037719694     -1.1818989914     -1.1473134556     -1.1047671011     -1.0599061624     -1.0181944077     -0.9853150378     -0.9680992484     -0.9691736497     -0.9837443785
     -0.8350000000     -1.2436715198     -1.2365325786     -1.2143299495     -1.1784874000     -1.1335622800     -1.0857776445     -1.0412440420     -1.0061625736     -0.9877933378     -0.9888835541     -1.0043651484
     -0.8150000000     -1.2768286258     -1.2697315233     -1.2474265666     -1.2106645212     -1.1635469689     -1.1128099773     -1.0653184210     -1.0278961787     -1.0083001975     -1.0094199234     -1.0259005862
     -0.7950000000     -1.3102509327     -1.3032655191     -1.2810806589     -1.2437539224     -1.1947031756     -1.1410335643     -1.0904634674     -1.0505617855     -1.0296650377     -1.0308337378     -1.0484137505
     -0.7750000000     -1.3438445976     -1.3370378720     -1.3151899890     -1.2776595670     -1.2270016778     -1.1704743264     -1.1167258074     -1.0742079564     -1.0519369997     -1.0531796828     -1.0719734032
     -0.7550000000     -1.3775216256     -1.3709575899     -1.3496572387     -1.3122848583     -1.2604022803     -1.2011533682     -1.1441518796     -1.0988846493     -1.0751670847     -1.0765167666     -1.0966554472
     -0.7350000000     -1.4111991523     -1.4049386682     -1.3843893401     -1.3475354001     -1.2948546699     -1.2330860638     -1.1727886715     -1.1246457781     -1.0994109096     -1.1009097789     -1.1225434824
     -0.7150000000     -1.4447988593     -1.4388995106     -1.4192969086     -1.3833193479     -1.3302996688     -1.2662819375     -1.2026831986     -1.1515473716     -1.1247286870     -1.1264288615     -1.1497301326
     -0.6950000000     -1.4782464973     -1.4727624579     -1.4542937910     -1.4195465748     -1.3666707994     -1.3007438895     -1.2338824188     -1.1796484131     -1.1511833181     -1.1531508688     -1.1783181484
     -0.6750000000     -1.5114714920     -1.5064534019     -1.4892967023     -1.4561279975     -1.4038963355     -1.3364680606     -1.2664325763     -1.2090118060     -1.1788446736     -1.1811598389     -1.2084220186
     -0.6550000000     -1.5444066186     -1.5399014718     -1.5242249353     -1.4929752256     -1.4419010154     -1.3734436693     -1.3003796454     -1.2397028199     -1.2077879386     -1.2105483803     -1.2401705016
     -0.6350000000     -1.5769877318     -1.5730387702     -1.5590001247     -1.5300003322     -1.4806072709     -1.4116527256     -1.3357687801     -1.2717921196     -1.2380931963     -1.2414189101     -1.2737079274
     -0.6150000000     -1.6091535401     -1.6058001612     -1.5935460755     -1.5671156581     -1.5199354388     -1.4510702850     -1.3726441054     -1.3053535450     -1.2698500185     -1.2738840476     -1.3091972797
     -0.5950000000     -1.6408454177     -1.6381230953     -1.6277886209     -1.6042336570     -1.5598032500     -1.4916645510     -1.4110486625     -1.3404665224     -1.3031542483     -1.3080694277     -1.3468242454
     -0.5750000000     -1.6720072468     -1.6699474515     -1.6616555072     -1.6412667928     -1.6001252073     -1.5333971996     -1.4510239910     -1.3772147503     -1.3381105674     -1.3441157560     -1.3868012407
     -0.5550000000     -1.7025852857     -1.7012154342     -1.6950763080     -1.6781274670     -1.6408121244     -1.5762235487     -1.4926100903     -1.4156884962     -1.3748363020     -1.3821801820     -1.4293713001
     -0.5350000000     -1.7325280577     -1.7318714672     -1.7279824148     -1.7147280469     -1.6817707857     -1.6200928599     -1.5358451558     -1.4559841385     -1.4134576979     -1.4224391250     -1.4748157623
     -0.5150000000     -1.7617862585     -1.7618621075     -1.7603069562     -1.7509808271     -1.7229036478     -1.6649481524     -1.5807654259     -1.4982051526     -1.4541165465     -1.4650925583     -1.5234627134
     -0.4950000000     -1.7903126781     -1.7911359996     -1.7919848163     -1.7867980659     -1.7641085744     -1.7107254928     -1.6274049108     -1.5424633928     -1.4969707670     -1.5103673668     -1.5756978973
     -0.4750000000     -1.8180621358     -1.8196438157     -1.8229526487     -1.8220920826     -1.8052785779     -1.7573528070     -1.6757951268     -1.5888797584     -1.5421937614     -1.5585241565     -1.6319785281
     -0.4550000000     -1.8449914258     -1.8473381915     -1.8531488537     -1.8567753614     -1.8463015874     -1.8047484165     -1.7259647056     -1.6375856322     -1.5899829504     -1.6098615816     -1.6928506481
     -0.4350000000     -1.8710592719     -1.8741737396     -1.8825136616     -1.8907606874     -1.8870605082     -1.8528194569     -1.7779384334     -1.6887244646     -1.6405598786     -1.6647229963     -1.7589748625
     -0.4150000000     -1.8962262901     -1.9001070215     -1.9109891494     -1.9239613280     -1.9274330620     -1.9014602084     -1.8317366138     -1.7424534848     -1.6941740990     -1.7235103990     -1.8311599356
     -0.3950000000     -1.9204549574     -1.9250964564     -1.9385192789     -1.9562912371     -1.9672917222     -1.9505502986     -1.8873735841     -1.7989457265     -1.7511115414     -1.7866970837     -1.9103052396
     -0.3750000000     -1.9437095869     -1.9491024312     -1.9650499735     -1.9876652766     -2.0065039108     -1.9999527804     -1.9448554583     -1.8583926374     -1.8116993365     -1.8548420783     -1.9966117388
     -0.3550000000     -1.9659563067     -1.9720871985     -1.9905291979     -2.0179994649     -2.0449323475     -2.0495120031     -2.0041770159     -1.9210067548     -1.8763147253     -1.9286123512     -2.0885476797
     -0.3350000000     -1.9871630436     -1.9940149356     -2.0149069931     -2.0472112494     -2.0824353543     -2.0990511140     -2.0653171357     -1.9870251202     -1.9453961371     -2.0088144811     -2.1827597482
     -0.3150000000     -2.0072995100     -2.0148516918     -2.0381355755     -2.0752198262     -2.1188673239     -2.1483704922     -2.1282326627     -2.0567127922     -2.0194569083     -2.0964349473     -2.2749984422
     -0.2950000000     -2.0263371932     -2.0345654435     -2.0601693888     -2.1019464597     -2.1540794221     -2.1972460400     -2.1928501781     -2.1303672411     -2.0991032143     -2.1926689399     -2.3616825166
     -0.2750000000     -2.0442493480     -2.0531260575     -2.0809652104     -2.1273148045     -2.1879204535     -2.2454268399     -2.2590550675     -2.2083227043     -2.1850576609     -2.2984473176     -2.4405391690
     -0.2550000000     -2.0610109901     -2.0705053262     -2.1004822104     -2.1512512865     -2.2202379072     -2.2926329489     -2.3266769215     -2.2909536612     -2.2781902077     -2.4130084273     -2.5110601893
     -0.2350000000     -2.0765988925     -2.0866769617     -2.1186820110     -2.1736854378     -2.2508791834     -2.3385551654     -2.3954704478     -2.3786783051     -2.3795602117     -2.5332715020     -2.5742353307
     -0.2150000000     -2.0909915820     -2.1016166216     -2.1355287875     -2.1945503130     -2.2796930184     -2.3828555854     -2.4650903438     -2.4719576739     -2.4904733731     -2.6542957886     -2.6314675021
     -0.1950000000     -2.1041693375     -2.1153019045     -2.1509894140     -2.2137827745     -2.3065311288     -2.4251692522     -2.5350535492     -2.5712856780     -2.6124481312     -2.7705025785     -2.6839659253
     -0.1750000000     -2.1161141892     -2.1277123619     -2.1650333814     -2.2313240232     -2.3312498860     -2.4651056698     -2.6047067794     -2.6771563159     -2.7460725419     -2.8772367396     -2.7324943663
     -0.1550000000     -2.1268099180     -2.1388295075     -2.1776330071     -2.2471198020     -2.3537116174     -2.5022523370     -2.6731595034     -2.7899472203     -2.8893073991     -2.9713871304     -2.7773503699
     -0.1350000000     -2.1362420554     -2.1486368141     -2.1887634496     -2.2611208829     -2.3737851704     -2.5361844119     -2.7392322575     -2.9092642868     -3.0374396490     -3.0516742048     -2.8184537344
     -0.1150000000     -2.1443978846     -2.1571197390     -2.1984027301     -2.2732828509     -2.3913484358     -2.5664760814     -2.8014674591     -3.0321552721     -3.1838484425     -3.1184033597     -2.8554605097
     -0.0950000000     -2.1512664405     -2.1642657526     -2.2065318570     -2.2835660051     -2.4062917750     -2.5927150022     -2.8581632156     -3.1529363300     -3.3210582884     -3.1725409914     -2.8878686348
     -0.0750000000     -2.1568385108     -2.1700643524     -2.2131347010     -2.2919354788     -2.4185184975     -2.6145184089     -2.9074487115     -3.2645884847     -3.4418104855     -3.2151709264     -2.9151052887
     -0.0550000000     -2.1611066367     -2.1745070242     -2.2181977143     -2.2983633198     -2.4279479866     -2.6315482011     -2.9474305938     -3.3596420904     -3.5399015391     -3.2471643511     -2.9366007778
     -0.0350000000     -2.1640651138     -2.1775872115     -2.2217098246     -2.3028278269     -2.4345172356     -2.6435266450     -2.9763848339     -3.4309262846     -3.6105245671     -3.2690761119     -2.9518486110
     -0.0150000000     -2.1657099923     -2.1793002292     -2.2236633724     -2.3053128441     -2.4381817612     -2.6502505084     -2.9929524973     -3.4725579449     -3.6506644557     -3.2811884193     -2.9604566021
      0.0050000000     -2.1660390777     -2.1796429918     -2.2240542880     -2.3058105176     -2.4389160279     -2.6516013597     -2.9963089655     -3.4810431855     -3.6587710413     -3.2836077737     -2.9621904129
      0.0250000000     -2.1650519312     -2.1786148620     -2.2228817758     -2.3043183861     -2.4367146264     -2.6475549160     -2.9862827937     -3.4557357871     -3.6345313942     -3.2763473823     -2.9570013925
      0.0450000000     -2.1627498694     -2.1762177546     -2.2201481838     -2.3008421788     -2.4315933413     -2.6381834165     -2.9633818057     -3.3986662216     -3.5788764766     -3.2593574755     -2.9450333855
      0.0650000000     -2.1591359645     -2.1724556373     -2.2158594609     -2.2953936035     -2.4235872210     -2.6236489616     -2.9287167011     -3.3146554800     -3.4940256112     -3.2324552174     -2.9266044364
      0.0850000000     -2.1542150436     -2.1673340571     -2.2100249550     -2.2879918473     -2.4127502127     -2.6041935226     -2.8838521824     -3.2103675900     -3.3839108283     -3.1952327271     -2.9021698841
      0.1050000000     -2.1479936885     -2.1608605635     -2.2026571415     -2.2786616020     -2.3991539288     -2.5801269171     -2.8306221265     -3.0932303882     -3.2540733567     -3.1469761667     -2.8722745016
      0.1250000000     -2.1404802349     -2.1530446555     -2.1937707430     -2.2674343439     -2.3828877319     -2.5518116035     -2.7709307543     -2.9705712918     -3.1113201019     -3.0866810652     -2.8374979160
      0.1450000000     -2.1316847715     -2.1438978456     -2.1833833120     -2.2543475664     -2.3640548052     -2.5196469127     -2.7065782473     -2.8488963004     -2.9631418734     -3.0132685800     -2.7983878569
      0.1650000000     -2.1216191393     -2.1334336778     -2.1715153658     -2.2394432888     -2.3427712540     -2.4840541373     -2.6391501616     -2.7326762245     -2.8167275620     -2.9260145215     -2.7553788619
      0.1850000000     -2.1102969311     -2.1216676885     -2.1581902661     -2.2227682944     -2.3191641757     -2.4454599637     -2.5699678287     -2.6233742156     -2.6778630094     -2.8252826959     -2.7086975984
      0.2050000000     -2.0977334907     -2.1086173838     -2.1434343466     -2.2043743840     -2.2933681456     -2.4042845870     -2.5000656359     -2.5208340621     -2.5499915680     -2.7133293255     -2.6582490903
      0.2250000000     -2.0839459125     -2.0943022348     -2.1272766610     -2.1843180787     -2.2655238986     -2.3609302971     -2.4302035357     -2.4245933305     -2.4337309545     -2.5940411055     -2.6035097594
      0.2450000000     -2.0689530420     -2.0787436637     -2.1097490535     -2.1626604191     -2.2357775747     -2.3157750049     -2.3609461007     -2.3341514075     -2.3277705095     -2.4727033850     -2.5434786790
      0.2650000000     -2.0527754760     -2.0619650482     -2.0908860295     -2.1394665035     -2.2042791849     -2.2691703712     -2.2927021940     -2.2490286459     -2.2306654666     -2.3547693208     -2.4768000761
      0.2850000000     -2.0354355644     -2.0439917012     -2.0707246562     -2.1148050855     -2.1711808381     -2.2214400940     -2.2257633434     -2.1687849358     -2.1412414402     -2.2443592485     -2.4021699211
      0.3050000000     -2.0169574124     -2.0248508714     -2.0493045758     -2.0887482230     -2.1366352629     -2.1728787581     -2.1603347190     -2.0930241807     -2.0585397784     -2.1433950602     -2.3192072005
      0.3250000000     -1.9973668841     -2.0045717339     -2.0266678417     -2.0613709168     -2.1007944511     -2.1237516823     -2.0965567402     -2.0213925008     -1.9817686371     -2.0516275315     -2.2293810881
      0.3450000000     -1.9766916077     -1.9831853628     -2.0028588210     -2.0327507567     -2.0638085461     -2.0742960019     -2.0345218502     -1.9535745340     -1.9102670479     -1.9678526814     -2.1356320633
      0.3650000000     -1.9549609820     -1.9607247511     -1.9779241864     -2.0029675520     -2.0258248540     -2.0247233279     -1.9742871632     -1.8892895828     -1.8434778042     -1.8909773307     -2.0420482122
      0.3850000000     -1.9322061862     -1.9372247800     -1.9519128478     -1.9721030228     -1.9869870988     -1.9752217522     -1.9158839224     -1.8282870920     -1.7809269140     -1.8201109128     -1.9526130237
      0.4050000000     -1.9084601908     -1.9127222420     -1.9248758114     -1.9402404705     -1.9474348005     -1.9259572336     -1.8593246399     -1.7703426903     -1.7222080561     -1.7545210165     -1.8698170904
      0.4250000000     -1.8837577729     -1.8872558094     -1.8968661233     -1.9074644876     -1.9073029299     -1.8770757766     -1.8046084132     -1.7152547940     -1.6669703670     -1.6935980937     -1.7942525274
      0.4450000000     -1.8581355348     -1.8608660775     -1.8679388505     -1.8738607009     -1.8667215769     -1.8287057937     -1.7517246666     -1.6628414857     -1.6149080925     -1.6368281097     -1.7252094980
      0.4650000000     -1.8316319263     -1.8335955661     -1.8381509784     -1.8395155240     -1.8258156579     -1.7809600977     -1.7006558618     -1.6129378416     -1.5657542523     -1.5837750103     -1.6618023973
      0.4850000000     -1.8042872733     -1.8054886741     -1.8075613770     -1.8045159518     -1.7847048261     -1.7339377648     -1.6513793050     -1.5653938470     -1.5192743942     -1.5340677141     -1.6033007377
      0.5050000000     -1.7761438116     -1.7765917772     -1.7762307250     -1.7689493708     -1.7435036728     -1.6877258640     -1.6038682428     -1.5200723234     -1.4752588980     -1.4873868442     -1.5491050572
      0.5250000000     -1.7472457284     -1.7469532190     -1.7442214886     -1.7329033942     -1.7023217146     -1.6424010804     -1.5580924633     -1.4768471774     -1.4335228727     -1.4434530152     -1.4987163297
      0.5450000000     -1.7176392115     -1.7166233341     -1.7115979211     -1.6964657468     -1.6612634788     -1.5980312403     -1.5140191964     -1.4356022546     -1.3939016411     -1.4020234042     -1.4517149349
      0.5650000000     -1.6873725093     -1.6856545142     -1.6784259980     -1.6597241637     -1.6204287738     -1.5546766958     -1.4716132707     -1.3962301248     -1.3562446074     -1.3628852047     -1.4077455431
      0.5850000000     -1.6564960015     -1.6541012609     -1.6447734638     -1.6227663059     -1.5799129438     -1.5123912298     -1.4308374594     -1.3586306540     -1.3204187686     -1.3258505540     -1.3665045918
      0.6050000000     -1.6250622847     -1.6220202484     -1.6107098350     -1.5856797937     -1.5398071507     -1.4712225716     -1.3916525977     -1.3227110245     -1.2863024316     -1.2907533379     -1.3277309156
      0.6250000000     -1.5931262737     -1.5894704222     -1.5763064353     -1.5485521905     -1.5001986885     -1.4312122743     -1.3540179616     -1.2883839481     -1.2537842805     -1.2574446525     -1.2911975685
      0.6450000000     -1.5607453221     -1.5565131010     -1.5416364722     -1.5114710270     -1.4611713723     -1.3923954182     -1.3178911692     -1.2555681899     -1.2227649846     -1.2257916126     -1.2567058843
      0.6650000000     -1.5279793672     -1.5232121064     -1.5067751040     -1.4745238898     -1.4228060838     -1.3548004004     -1.2832286473     -1.2241869892     -1.1931512659     -1.1956754691     -1.2240820546
      0.6850000000     -1.4948911017     -1.4896339324     -1.4717995947     -1.4377985494     -1.3851814082     -1.3184487037     -1.2499857036     -1.1941683608     -1.1648585214     -1.1669888894     -1.1931729281
      0.7050000000     -1.4615461799     -1.4558479321     -1.4367894544     -1.4013831385     -1.3483738510     -1.2833547365     -1.2181168355     -1.1654440589     -1.1378097104     -1.1396344337     -1.1638421282
      0.7250000000     -1.4280134642     -1.4219265599     -1.4018266467     -1.3653663614     -1.3124571054     -1.2495257490     -1.1875757877     -1.1379504708     -1.1119317206     -1.1135239591     -1.1359683015
      0.7450000000     -1.3943653220     -1.3879456561     -1.3669958500     -1.3298377642     -1.2775005122     -1.2169622700     -1.1583159728     -1.1116261256     -1.0871585716     -1.0885770432     -1.1094431513
      0.7650000000     -1.3606779831     -1.3539847952     -1.3323847832     -1.2948882230     -1.2435671283     -1.1856579634     -1.1302904658     -1.0864141968     -1.0634289721     -1.0647203907     -1.0841690878
      0.7850000000     -1.3270319729     -1.3201277124     -1.2980846086     -1.2606107831     -1.2107119077     -1.1556003791     -1.1034520714     -1.0622592415     -1.0406844937     -1.0418866255     -1.0600582037
      0.8050000000     -1.2935126408     -1.2864628263     -1.2641904423     -1.2271011292     -1.1789802005     -1.1267711175     -1.0777542376     -1.0391095002     -1.0188723464     -1.0200138051     -1.0370308095
      0.8250000000     -1.2602108062     -1.2530838806     -1.2308019690     -1.1944560609     -1.1484067897     -1.0991466978     -1.0531502575     -1.0169158274     -0.9979424380     -0.9990453652     -1.0150147128
      0.8450000000     -1.2272235566     -1.2200907407     -1.1980242227     -1.1627696963     -1.1190153240     -1.0726988710     -1.0295939872     -0.9956307840     -0.9778473791     -0.9789282984     -0.9939441529
      0.8650000000     -1.1946552408     -1.1875903878     -1.1659690205     -1.1321283999     -1.0908181134     -1.0473951855     -1.0070395989     -0.9752098975     -0.9585437384     -0.9596139064     -0.9737588080
      0.8850000000     -1.1626187157     -1.1556981720     -1.1347568220     -1.1026060858     -1.0638165069     -1.0231997400     -0.9854420841     -0.9556102662     -0.9399900290     -0.9410570563     -0.9544036768
      0.9050000000     -1.1312369293     -1.1245393822     -1.1045152857     -1.0742606638     -1.0380013109     -1.0000734097     -0.9647574474     -0.9367908471     -0.9221471677     -0.9232154304     -0.9358280421
      0.9250000000     -1.1006449556     -1.0942513345     -1.0753702707     -1.0471317698     -1.0133534544     -0.9779748378     -0.9449422596     -0.9187127221     -0.9049785084     -0.9060498089     -0.9179852676
      0.9450000000     -1.0709926486     -1.0649872771     -1.0474320802     -1.0212395086     -0.9898449410     -0.9568607001     -0.9259540392     -0.9013384077     -0.8884491589     -0.8895234166     -0.9008323079
      0.9650000000     -1.0424481615     -1.0369185203     -1.0207830892     -0.9965842470     -0.9674399179     -0.9366863155     -0.9077513562     -0.8846319615     -0.8725261674     -0.8736018714     -0.8843293350
      0.9850000000     -1.0152027039     -1.0102118189     -0.9954691161     -0.9731478236     -0.9460959659     -0.9174060188     -0.8902936559     -0.8685589754     -0.8571783033     -0.8582529709     -0.8684394792
      1.0050000000     -0.9894732731     -0.9849774819     -0.9714967147     -0.9508950467     -0.9257653014     -0.8989735814     -0.8735413855     -0.8530864053     -0.8423759057     -0.8434464898     -0.8531285358
      1.0250000000     -0.9653570631     -0.9612303724     -0.9488342632     -0.9297762851     -0.9063958271     -0.8813425335     -0.8574560522     -0.8381825592     -0.8280908795     -0.8291541007     -0.8383647538
      1.0450000000     -0.9427034678     -0.9388852027     -0.9274164580     -0.9097301845     -0.8879323957     -0.8644665369     -0.8420002991     -0.8238171211     -0.8142966121     -0.8153492283     -0.8241186225
      1.0650000000     -0.9213532606     -0.9178089941     -0.9071538259     -0.8906868658     -0.8703179494     -0.8482998039     -0.8271380424     -0.8099611813     -0.8009679467     -0.8020069690     -0.8103626987
      1.0850000000     -0.9011731797     -0.8978743940     -0.8879469430     -0.8725719682     -0.8534948808     -0.8327976310     -0.8128346849     -0.7965872975     -0.7880811762     -0.7891039931     -0.7970714408
      1.1050000000     -0.8820503030     -0.8789724263     -0.8697006676     -0.8553115365     -0.8374067986     -0.8179170499     -0.7990573728     -0.7836695742     -0.7756140161     -0.7766184621     -0.7842210607
      1.1250000000     -0.8638879190     -0.8610096445     -0.8523311564     -0.8388366772     -0.8220004053     -0.8036175486     -0.7857752438     -0.7711837215     -0.7635455751     -0.7645299423     -0.7717893859
      1.1450000000     -0.8466024316     -0.8439051775     -0.8357654492     -0.8230858579     -0.8072268896     -0.7898616468     -0.7729596069     -0.7591070739     -0.7518563079     -0.7528193165     -0.7597557319
      1.1650000000     -0.8301209940     -0.8275884691     -0.8199396422     -0.8080046602     -0.7930423093     -0.7766151016     -0.7605839853     -0.7474185550     -0.7405279479     -0.7414686953     -0.7481007836
      1.1850000000     -0.8143796699     -0.8119975219     -0.8047973726     -0.7935447735     -0.7794072267     -0.7638467749     -0.7486240224     -0.7360985946     -0.7295434273     -0.7304613283     -0.7368064854
      1.2050000000     -0.7993219853     -0.7970775125     -0.7902886202     -0.7796630666     -0.7662861347     -0.7515283320     -0.7370573109     -0.7251290160     -0.7188867885     -0.7197815179     -0.7258559404
      1.2250000000     -0.7848977710     -0.7827796856     -0.7763687490     -0.7663208323     -0.7536469253     -0.7396339149     -0.7258631997     -0.7144929156     -0.7085430966     -0.7094145381     -0.7152333177
      1.2450000000     -0.7710622285     -0.7690604602     -0.7629977296     -0.7534831724     -0.7414604431     -0.7281398460     -0.7150226094     -0.7041745461     -0.6984983553     -0.6993465590     -0.7049237681
      1.2650000000     -0.7577751671     -0.7558806997     -0.7501395037     -0.7411184911     -0.7297001145     -0.7170243752     -0.7045178691     -0.6941592102     -0.6887394302     -0.6895645773     -0.6949133476
      1.2850000000     -0.7450003762     -0.7432051099     -0.7377614578     -0.7291980741     -0.7183416365     -0.7062674643     -0.6943325730     -0.6844331662     -0.6792539789     -0.6800563531     -0.6851889477
      1.3050000000     -0.7327051033     -0.7310017388     -0.7258339845     -0.7176957359     -0.7073627140     -0.6958506034     -0.6844514572     -0.6749835434     -0.6700303879     -0.6708103529     -0.6757382318
      1.3250000000     -0.7208596174     -0.7192415575     -0.7143301137     -0.7065875213     -0.6967428364     -0.6857566531     -0.6748602914     -0.6657982686     -0.6610577169     -0.6618156971     -0.6665495783
      1.3450000000     -0.7094368405     -0.7078981063     -0.7032252011     -0.6958514521     -0.6864630851     -0.6759697072     -0.6655457850     -0.6568659999     -0.6523256472     -0.6530621132     -0.6576120282
      1.3650000000     -0.6984120356     -0.6969471942     -0.6924966618     -0.6854673092     -0.6765059687     -0.6664749736     -0.6564955036     -0.6481760678     -0.6438244360     -0.6445398921     -0.6489152369
      1.3850000000     -0.6877625393     -0.6863666423     -0.6821237426     -0.6754164460     -0.6668552789     -0.6572586702     -0.6476977955     -0.6397184229     -0.6355448751     -0.6362398496     -0.6404494317
      1.4050000000     -0.6774675334     -0.6761360630     -0.6720873258     -0.6656816257     -0.6574959653     -0.6483079328     -0.6391417264     -0.6314835885     -0.6274782530     -0.6281532896     -0.6322053710
      1.4250000000     -0.6675078470     -0.6662366699     -0.6623697591     -0.6562468805     -0.6484140257     -0.6396107339     -0.6308170207     -0.6234626178     -0.6196163202     -0.6202719722     -0.6241743089
      1.4450000000     -0.6578657854     -0.6566511120     -0.6529547072     -0.6470973880     -0.6395964095     -0.6311558108     -0.6227140096     -0.6156470555     -0.6119512583     -0.6125880827     -0.6163479612
      1.4650000000     -0.6485249806     -0.6473633298     -0.6438270231     -0.6382193631     -0.6310309321     -0.6229326012     -0.6148235837     -0.6080289024     -0.6044756508     -0.6050942046     -0.6087184749
      1.4850000000     -0.6394702609     -0.6383584291     -0.6349726342     -0.6295999622     -0.6227061994     -0.6149311861     -0.6071371507     -0.6006005839     -0.5971824572     -0.5977832935     -0.6012784001
      1.5050000000     -0.6306875367     -0.6296225703     -0.6263784421     -0.6212271988     -0.6146115403     -0.6071422386     -0.5996465974     -0.5933549209     -0.5900649882     -0.5906486539     -0.5940206639
      1.5250000000     -0.6221636989     -0.6211428706     -0.6180322347     -0.6130898685     -0.6067369463     -0.5995569768     -0.5923442545     -0.5862851028     -0.5831168842     -0.5836839174     -0.5869385468
      1.5450000000     -0.6138865303     -0.6129073172     -0.6099226071     -0.6051774820     -0.5990730181     -0.5921671231     -0.5852228652     -0.5793846637     -0.5763320938     -0.5768830227     -0.5800256600
      1.5650000000     -0.6058446259     -0.6049046911     -0.6020388924     -0.5974802056     -0.5916109165     -0.5849648658     -0.5782755565     -0.5726474598     -0.5697048558     -0.5702401969     -0.5732759254
      1.5850000000     -0.5980273225     -0.5971244978     -0.5943710990     -0.5899888075     -0.5843423193     -0.5779428254     -0.5714958130     -0.5660676487     -0.5632296809     -0.5637499384     -0.5666835566
      1.6050000000     -0.5904246360     -0.5895569073     -0.5869098548     -0.5826946098     -0.5772593817     -0.5710940232     -0.5648774527     -0.5596396708     -0.5569013359     -0.5574070009     -0.5602430414
      1.6250000000     -0.5830272047     -0.5821926983     -0.5796463575     -0.5755894453     -0.5703547007     -0.5644118532     -0.5584146051     -0.5533582318     -0.5507148286     -0.5512063783     -0.5539491252
      1.6450000000     -0.5758262392     -0.5750232099     -0.5725723290     -0.5686656181     -0.5636212828     -0.5578900564     -0.5521016911     -0.5472182862     -0.5446653935     -0.5451432916     -0.5477967965
      1.6650000000     -0.5688134767     -0.5680402968     -0.5656799752     -0.5619158686     -0.5570525143     -0.5515226971     -0.5459334041     -0.5412150230     -0.5387484792     -0.5392131750     -0.5417812721
      1.6850000000     -0.5619811399     -0.5612362897     -0.5589619490     -0.5553333413     -0.5506421353     -0.5453041414     -0.5399046935     -0.5353438513     -0.5329597362     -0.5334116651     -0.5358979850
      1.7050000000     -0.5553219001     -0.5546039589     -0.5524113172     -0.5489115551     -0.5443842142     -0.5392290373     -0.5340107481     -0.5296003880     -0.5272950056     -0.5277345888     -0.5301425711
      1.7250000000     -0.5488288437     -0.5481364822     -0.5460215302     -0.5426443778     -0.5382731263     -0.5332922968     -0.5282469824     -0.5239804455     -0.5217503084     -0.5221779534     -0.5245108588
      1.7450000000     -0.5424954416     -0.5418274143     -0.5397863942     -0.5365260009     -0.5323035329     -0.5274890789     -0.5226090225     -0.5184800209     -0.5163218363     -0.5167379367     -0.5189988580
      1.7650000000     -0.5363155215     -0.5356706605     -0.5337000469     -0.5305509179     -0.5264703625     -0.5218147743     -0.5170926937     -0.5130952854     -0.5110059418     -0.5114108779     -0.5136027502
      1.7850000000     -0.5302832427     -0.5296604518     -0.5277569337     -0.5247139039     -0.5207687937     -0.5162649910     -0.5116940092     -0.5078225752     -0.5057991302     -0.5061932690     -0.5083188794
      1.8050000000     -0.5243930731     -0.5237913222     -0.5219517874     -0.5190099973     -0.5151942392     -0.5108355414     -0.5064091591     -0.5026583819     -0.5006980516     -0.5010817473     -0.5031437435
      1.8250000000     -0.5186397681     -0.5180580884     -0.5162796089     -0.5134344821     -0.5097423313     -0.5055224301     -0.5012345004     -0.4975993449     -0.4956994927     -0.4960730871     -0.4980739858
      1.8450000000     -0.5130183511     -0.5124558309     -0.5107356492     -0.5079828728     -0.5044089083     -0.5003218422     -0.4961665478     -0.4926422427     -0.4908003709     -0.4911641934     -0.4931063882
      1.8650000000     -0.5075240962     -0.5069798766     -0.5053153940     -0.5026508996     -0.4991900020     -0.4952301336     -0.4912019650     -0.4877839865     -0.4859977267     -0.4863520950     -0.4882378631
      1.8850000000     -0.5021525118     -0.5016257827     -0.5000145479     -0.4974344951     -0.4940818263     -0.4902438204     -0.4863375566     -0.4830216126     -0.4812887179     -0.4816339384     -0.4834654477
      1.9050000000     -0.4968993252     -0.4963893223     -0.4948290215     -0.4923297821     -0.4890807663     -0.4853595706     -0.4815702606     -0.4783522764     -0.4766706141     -0.4770069818     -0.4787862970
      1.9250000000     -0.4917604694     -0.4912664711     -0.4897549181     -0.4873330619     -0.4841833684     -0.4805741953     -0.4768971410     -0.4737732464     -0.4721407905     -0.4724685901     -0.4741976786
      1.9450000000     -0.4867320703     -0.4862533943     -0.4847885223     -0.4824408039     -0.4793863314     -0.4758846408     -0.4723153818     -0.4692818983     -0.4676967234     -0.4680162291     -0.4696969663
      1.9650000000     -0.4818104346     -0.4813464357     -0.4799262893     -0.4776496360     -0.4746864973     -0.4712879816     -0.4678222804     -0.4648757099     -0.4633359852     -0.4636474612     -0.4652816357
      1.9850000000     -0.4769920390     -0.4765421066     -0.4751648344     -0.4729563350     -0.4700808440     -0.4667814132     -0.4634152419     -0.4605522561     -0.4590562396     -0.4593599405     -0.4609492590
      2.0050000000     -0.4722735205     -0.4718370762     -0.4705009242     -0.4683578187     -0.4655664772     -0.4623622460     -0.4590917736     -0.4563092040     -0.4548552375     -0.4551514087     -0.4566975002
      2.0250000000     -0.4676516667     -0.4672281623     -0.4659314674     -0.4638511375     -0.4611406240     -0.4580278993     -0.4548494802     -0.4521443087     -0.4507308129     -0.4510196908     -0.4525241111
      2.0450000000     -0.4631234072     -0.4627123228     -0.4614535074     -0.4594334676     -0.4568006263     -0.4537758954     -0.4506860584     -0.4480554092     -0.4466808790     -0.4469626916     -0.4484269269
      2.0650000000     -0.4586858057     -0.4582866480     -0.4570642143     -0.4551021037     -0.4525439345     -0.4496038547     -0.4465992933     -0.4440404241     -0.4427034248     -0.4429783916     -0.4444038625
      2.0850000000     -0.4543360522     -0.4539483526     -0.4527608781     -0.4508544528     -0.4483681021     -0.4455094907     -0.4425870532     -0.4400973485     -0.4387965112     -0.4390648439     -0.4404529088
      2.1050000000     -0.4500714564     -0.4496947697     -0.4485409023     -0.4466880284     -0.4442707802     -0.4414906052     -0.4386472863     -0.4362242497     -0.4349582684     -0.4352201711     -0.4365721291
      2.1250000000     -0.4458894408     -0.4455233438     -0.4444017975     -0.4426004446     -0.4402497126     -0.4375450841     -0.4347780167     -0.4324192648     -0.4311868924     -0.4314425617     -0.4327596562
      2.1450000000     -0.4417875348     -0.4414316249     -0.4403411763     -0.4385894113     -0.4363027314     -0.4336708936     -0.4309773407     -0.4286805969     -0.4274806422     -0.4277302677     -0.4290136888
      2.1650000000     -0.4377633694     -0.4374172632     -0.4363567473     -0.4346527289     -0.4324277521     -0.4298660756     -0.4272434239     -0.4250065123     -0.4238378370     -0.4240816016     -0.4253324890
      2.1850000000     -0.4338146709     -0.4334780036     -0.4324463106     -0.4307882839     -0.4286227699     -0.4261287451     -0.4235744975     -0.4213953379     -0.4202568537     -0.4204949337     -0.4217143794
      2.2050000000     -0.4299392571     -0.4296116808     -0.4286077532     -0.4269940447     -0.4248858558     -0.4224570857     -0.4199688557     -0.4178454585     -0.4167361246     -0.4169686899     -0.4181577403
      2.2250000000     -0.4261350319     -0.4258162150     -0.4248390442     -0.4232680573     -0.4212151529     -0.4188493474     -0.4164248528     -0.4143553140     -0.4132741344     -0.4135013492     -0.4146610074
      2.2450000000     -0.4223999810     -0.4220896073     -0.4211382311     -0.4196084420     -0.4176088726     -0.4153038428     -0.4129409005     -0.4109233977     -0.4098694189     -0.4100914414     -0.4112226695
      2.2650000000     -0.4187321682     -0.4184299359     -0.4175034357     -0.4160133892     -0.4140652923     -0.4118189448     -0.4095154654     -0.4075482531     -0.4065205622     -0.4067375450     -0.4078412662
      2.2850000000     -0.4151297312     -0.4148353520     -0.4139328507     -0.4124811564     -0.4105827513     -0.4083930835     -0.4061470665     -0.4042284725     -0.4032261950     -0.4034382854     -0.4045153853
      2.3050000000     -0.4115908780     -0.4113040767     -0.4104247363     -0.4090100650     -0.4071596488     -0.4050247439     -0.4028342730     -0.4009626949     -0.3999849924     -0.4001923327     -0.4012436618
      2.3250000000     -0.4081138837     -0.4078343972     -0.4069774165     -0.4055984976     -0.4037944406     -0.4017124632     -0.3995757026     -0.3977496038     -0.3967956726     -0.3969983999     -0.3980247750
      2.3450000000     -0.4046970873     -0.4044246640     -0.4035892769     -0.4022448944     -0.4004856367     -0.3984548289     -0.3963700185     -0.3945879252     -0.3936569947     -0.3938552415     -0.3948574471
      2.3650000000     -0.4013388884     -0.4010732877     -0.4002587613     -0.3989477514     -0.3972317992     -0.3952504762     -0.3932159283     -0.3914764267     -0.3905677572     -0.3907616515     -0.3917404415
      2.3850000000     -0.3980377446     -0.3977787363     -0.3969843689     -0.3957056174     -0.3940315397     -0.3920980864     -0.3901121821     -0.3884139149     -0.3875267966     -0.3877164620     -0.3886725611
      2.4050000000     -0.3947921690     -0.3945395326     -0.3937646525     -0.3925170919     -0.3908835170     -0.3889963846     -0.3870575701     -0.3853992342     -0.3845329857     -0.3847185415     -0.3856526467
      2.4250000000     -0.3916007271     -0.3913542515     -0.3905982151     -0.3893808227     -0.3877864355     -0.3859441380     -0.3840509219     -0.3824312657     -0.3815852324     -0.3817667939     -0.3826795753
      2.4450000000     -0.3884620352     -0.3882215179     -0.3874837085     -0.3862955036     -0.3847390428     -0.3829401542     -0.3810911041     -0.3795089249     -0.3786824779     -0.3788601565     -0.3797522592
      2.4650000000     -0.3853747573     -0.3851400045     -0.3844198308     -0.3832598729     -0.3817401281     -0.3799832793     -0.3781770191     -0.3766311612     -0.3758236961     -0.3759975995     -0.3768696442
      2.4850000000     -0.3823376036     -0.3821084294     -0.3814053242     -0.3802727111     -0.3787885206     -0.3770723965     -0.3753076041     -0.3737969561     -0.3730078918     -0.3731781239     -0.3740307082
      2.5050000000     -0.3793493284     -0.3791255543     -0.3784389736     -0.3773328393     -0.3758830876     -0.3742064249     -0.3724818289     -0.3710053221     -0.3702340997     -0.3704007612     -0.3712344605
      2.5250000000     -0.3764087279     -0.3761901827     -0.3755196042     -0.3744391171     -0.3730227327     -0.3713843172     -0.3696986955     -0.3682553016     -0.3675013834     -0.3676645715     -0.3684799401
      2.5450000000     -0.3735146386     -0.3733011579     -0.3726460802     -0.3715904418     -0.3702063951     -0.3686050595     -0.3669572361     -0.3655459655     -0.3648088341     -0.3649686429     -0.3657662150
      2.5650000000     -0.3706659356     -0.3704573616     -0.3698173030     -0.3687857460     -0.3674330472     -0.3658676688     -0.3642565123     -0.3628764125     -0.3621555698     -0.3623120904     -0.3630923806
      2.5850000000     -0.3678615309     -0.3676577119     -0.3670322096     -0.3660239965     -0.3647016940     -0.3631711929     -0.3615956143     -0.3602457679     -0.3595407343     -0.3596940545     -0.3604575593
      2.6050000000     -0.3651003718     -0.3649011621     -0.3642897713     -0.3633041930     -0.3620113715     -0.3605147083     -0.3589736590     -0.3576531825     -0.3569634960     -0.3571137011     -0.3578608989
      2.6250000000     -0.3623814397     -0.3621866992     -0.3615889922     -0.3606253667     -0.3593611455     -0.3578973198     -0.3563897899     -0.3550978318     -0.3544230473     -0.3545702197     -0.3553015723
      2.6450000000     -0.3597037485     -0.3595133424     -0.3589289077     -0.3579865790     -0.3567501104     -0.3553181587     -0.3538431753     -0.3525789152     -0.3519186038     -0.3520628231     -0.3527787758
      2.6650000000     -0.3570663433     -0.3568801419     -0.3563085838     -0.3553869203     -0.3541773882     -0.3527763826     -0.3513330081     -0.3500956550     -0.3494494030     -0.3495907466     -0.3502917292
      2.6850000000     -0.3544682990     -0.3542861777     -0.3537271152     -0.3528255089     -0.3516421274     -0.3502711737     -0.3488585043     -0.3476472954     -0.3470147041     -0.3471532466     -0.3478396741
      2.7050000000     -0.3519087196     -0.3517305582     -0.3511836245     -0.3503014901     -0.3491435019     -0.3478017385     -0.3464189027     -0.3452331021     -0.3446137869     -0.3447496007     -0.3454218737
      2.7250000000     -0.3493867365     -0.3492124194     -0.3486772612     -0.3478140347     -0.3466807102     -0.3453673063     -0.3440134636     -0.3428523614     -0.3422459511     -0.3423791064     -0.3430376118
      2.7450000000     -0.3469015078     -0.3467309235     -0.3462072005     -0.3453623386     -0.3442529744     -0.3429671288     -0.3416414683     -0.3405043794     -0.3399105157     -0.3400410805     -0.3406861921
      2.7650000000     -0.3444522168     -0.3442852581     -0.3437726425     -0.3429456213     -0.3418595392     -0.3406004792     -0.3393022184     -0.3381884812     -0.3376068186     -0.3377348585     -0.3383669375
      2.7850000000     -0.3420380719     -0.3418746353     -0.3413728109     -0.3405631254     -0.3394996713     -0.3382666514     -0.3369950347     -0.3359040108     -0.3353342152     -0.3354597941     -0.3360791895
      2.8050000000     -0.3396583047     -0.3394982904     -0.3390069525     -0.3382141156     -0.3371726586     -0.3359649590     -0.3347192573     -0.3336503296     -0.3330920787     -0.3332152583     -0.3338223077
      2.8250000000     -0.3373121696     -0.3371554815     -0.3366743361     -0.3358978779     -0.3348778090     -0.3336947350     -0.3324742439     -0.3314268166     -0.3308797988     -0.3310006391     -0.3315956686
      2.8450000000     -0.3349989429     -0.3348454883     -0.3343742517     -0.3336137188     -0.3326144503     -0.3314553311     -0.3302593701     -0.3292328673     -0.3286967816     -0.3288153406     -0.3293986660
      2.8650000000     -0.3327179220     -0.3325676112     -0.3321060099     -0.3313609647     -0.3303819289     -0.3292461166     -0.3280740283     -0.3270678934     -0.3265424488     -0.3266587829     -0.3272307093
      2.8850000000     -0.3304684245     -0.3303211712     -0.3298689409     -0.3291389609     -0.3281796098     -0.3270664783     -0.3259176273     -0.3249313220     -0.3244162374     -0.3245304012     -0.3250912240
      2.9050000000     -0.3282497876     -0.3281055084     -0.3276623941     -0.3269470711     -0.3260068751     -0.3249158196     -0.3237895916     -0.3228225957     -0.3223175990     -0.3224296454     -0.3229796505
      2.9250000000     -0.3260613674     -0.3259199816     -0.3254857369     -0.3247846768     -0.3238631244     -0.3227935600     -0.3216893610     -0.3207411712     -0.3202459993     -0.3203559798     -0.3208954439
      2.9450000000     -0.3239025379     -0.3237639678     -0.3233383547     -0.3226511766     -0.3217477733     -0.3206991347     -0.3196163903     -0.3186865195     -0.3182009179     -0.3183088823     -0.3188380734
      2.9650000000     -0.3217726908     -0.3216368613     -0.3212196498     -0.3205459856     -0.3196602534     -0.3186319939     -0.3175701482     -0.3166581252     -0.3161818477     -0.3162878445     -0.3168070219
      2.9850000000     -0.3196712348     -0.3195380731     -0.3191290410     -0.3184685349     -0.3176000114     -0.3165916022     -0.3155501174     -0.3146554863     -0.3141882944     -0.3142923705     -0.3148017856
      3.0050000000     -0.3175975947     -0.3174670305     -0.3170659629     -0.3164182708     -0.3155665089     -0.3145774383     -0.3135557941     -0.3126781132     -0.3122197762     -0.3123219773     -0.3128218735
      3.0250000000     -0.3155512110     -0.3154231765     -0.3150298656     -0.3143946546     -0.3135592219     -0.3125889947     -0.3115866872     -0.3107255290     -0.3102758235     -0.3103761937     -0.3108668070
      3.0450000000     -0.3135315395     -0.3134059690     -0.3130202139     -0.3123971621     -0.3115776399     -0.3106257769     -0.3096423182     -0.3087972687     -0.3083559782     -0.3084545606     -0.3089361196
      3.0650000000     -0.3115380507     -0.3114148806     -0.3110364868     -0.3104252826     -0.3096212660     -0.3086873031     -0.3077222208     -0.3068928787     -0.3064597936     -0.3065566300     -0.3070293564
      3.0850000000     -0.3095702292     -0.3094493980     -0.3090781773     -0.3084785193     -0.3076896159     -0.3067731038     -0.3058259402     -0.3050119170     -0.3045868342     -0.3046819651     -0.3051460737
      3.1050000000     -0.3076275731     -0.3075090213     -0.3071447917     -0.3065563879     -0.3057822181     -0.3048827216     -0.3039530332     -0.3031539522     -0.3027366749     -0.3028301397     -0.3032858389
      3.1250000000     -0.3057095941     -0.3055932641     -0.3052358492     -0.3046584170     -0.3038986130     -0.3030157104     -0.3021030676     -0.3013185636     -0.3009089010     -0.3010007380     -0.3014482299
      3.1450000000     -0.3038158164     -0.3037016525     -0.3033508815     -0.3027841472     -0.3020383527     -0.3011716354     -0.3002756216     -0.2995053408     -0.2991031078     -0.2991933542     -0.2996328350
      3.1650000000     -0.3019457767     -0.3018337248     -0.3014894324     -0.3009331308     -0.3002010005     -0.2993500726     -0.2984702841     -0.2977138831     -0.2973189005     -0.2974075925     -0.2978392523
      3.1850000000     -0.3000990236     -0.2999890313     -0.2996510573     -0.2991049315     -0.2983861310     -0.2975506085     -0.2966866537     -0.2959437997     -0.2955558934     -0.2956430662     -0.2960670898
      3.2050000000     -0.2982751172     -0.2981671339     -0.2978353231     -0.2972991240     -0.2965933289     -0.2957728397     -0.2949243389     -0.2941947090     -0.2938137103     -0.2938993979     -0.2943159645
      3.2250000000     -0.2964736289     -0.2963676055     -0.2960418074     -0.2955152938     -0.2948221897     -0.2940163728     -0.2931829576     -0.2924662384     -0.2920919836     -0.2921762194     -0.2925855029
      3.2450000000     -0.2946941410     -0.2945900298     -0.2942700986     -0.2937530364     -0.2930723184     -0.2922808238     -0.2914621368     -0.2907580243     -0.2903903544     -0.2904731706     -0.2908753400
      3.2650000000     -0.2929362461     -0.2928340009     -0.2925197952     -0.2920119576     -0.2913433300     -0.2905658179     -0.2897615124     -0.2890697114     -0.2887084723     -0.2887899004     -0.2891851197
      3.2850000000     -0.2911995471     -0.2910991232     -0.2907905058     -0.2902916726     -0.2896348486     -0.2888709895     -0.2880807288     -0.2874009528     -0.2870459947     -0.2871260653     -0.2875144939
      3.3050000000     -0.2894836566     -0.2893850105     -0.2890818485     -0.2885918063     -0.2879465074     -0.2871959815     -0.2864194388     -0.2857514097     -0.2854025873     -0.2854813301     -0.2858631228
      3.3250000000     -0.2877881969     -0.2876912865     -0.2873934509     -0.2869119924     -0.2862779486     -0.2855404453     -0.2847773034     -0.2841207509     -0.2837779231     -0.2838553671     -0.2842306743
      3.3450000000     -0.2861127994     -0.2860175839     -0.2857249493     -0.2852518737     -0.2846288227     -0.2839040406     -0.2831539914     -0.2825086532     -0.2821716828     -0.2822478560     -0.2826168240
      3.3650000000     -0.2844571045     -0.2843635442     -0.2840759892     -0.2836111012     -0.2829987885     -0.2822864350     -0.2815491791     -0.2809148003     -0.2805835541     -0.2806584841     -0.2810212549
      3.3850000000     -0.2828207613     -0.2827288176     -0.2824462243     -0.2819893345     -0.2813875129     -0.2806873036     -0.2799625505     -0.2793388833     -0.2790132319     -0.2790869453     -0.2794436571
      3.4050000000     -0.2812034273     -0.2811130629     -0.2808353167     -0.2803862412     -0.2797946706     -0.2791063294     -0.2783937965     -0.2777806002     -0.2774604179     -0.2775329407     -0.2778837277
      3.4250000000     -0.2796047680     -0.2795159466     -0.2792429364     -0.2788014965     -0.2782199438     -0.2775432023     -0.2768426151     -0.2762396558     -0.2759248203     -0.2759961779     -0.2763411707
      3.4450000000     -0.2780244571     -0.2779371435     -0.2776687611     -0.2772347833     -0.2766630220     -0.2759976195     -0.2753087113     -0.2747157616     -0.2744061540     -0.2744763710     -0.2748156966
      3.4650000000     -0.2764621758     -0.2763763356     -0.2761124763     -0.2756857920     -0.2751236019     -0.2744692850     -0.2737917964     -0.2732086352     -0.2729041401     -0.2729732404     -0.2733070223
      3.4850000000     -0.2749176128     -0.2748332128     -0.2745737745     -0.2741542199     -0.2736013871     -0.2729579096     -0.2722915884     -0.2717180005     -0.2714185055     -0.2714865126     -0.2718148711
      3.5050000000     -0.2733904638     -0.2733074718     -0.2730523555     -0.2726397714     -0.2720960880     -0.2714632102     -0.2708078113     -0.2702435877     -0.2699489835     -0.2700159201     -0.2703389721
      3.5250000000     -0.2718804320     -0.2717988164     -0.2715479259     -0.2711421575     -0.2706074213     -0.2699849105     -0.2693401954     -0.2687851326     -0.2684953129     -0.2685612012     -0.2688790605
      3.5450000000     -0.2703872270     -0.2703069574     -0.2700601990     -0.2696610958     -0.2691351103     -0.2685227400     -0.2678884767     -0.2673423768     -0.2670572383     -0.2671220998     -0.2674348772
      3.5650000000     -0.2689105651     -0.2688316118     -0.2685888945     -0.2681963104     -0.2676788843     -0.2670764343     -0.2664523970     -0.2659150674     -0.2656345094     -0.2656983654     -0.2660061687
      3.5850000000     -0.2674501691     -0.2673725032     -0.2671337387     -0.2667475312     -0.2662384787     -0.2656457346     -0.2650317038     -0.2645029572     -0.2642268818     -0.2642897526     -0.2645926869
      3.6050000000     -0.2660057681     -0.2659293616     -0.2656944637     -0.2653144945     -0.2648136346     -0.2642303880     -0.2636261500     -0.2631058038     -0.2628341157     -0.2628960215     -0.2631941889
      3.6250000000     -0.2645770972     -0.2645019227     -0.2642708077     -0.2638969423     -0.2634040990     -0.2628301470     -0.2622354937     -0.2617233704     -0.2614559768     -0.2615169370     -0.2618104371
      3.6450000000     -0.2631638973     -0.2630899282     -0.2628625147     -0.2624946221     -0.2620096242     -0.2614447692     -0.2608594982     -0.2603554248     -0.2600922354     -0.2601522691     -0.2604411989
      3.6650000000     -0.2617659151     -0.2616931257     -0.2614693344     -0.2611072871     -0.2606299679     -0.2600740177     -0.2594979319     -0.2590017400     -0.2587426668     -0.2588017925     -0.2590862465
      3.6850000000     -0.2603829029     -0.2603112680     -0.2600910219     -0.2597346958     -0.2592648931     -0.2587176605     -0.2581505678     -0.2576620936     -0.2574070509     -0.2574652868     -0.2577453569
      3.7050000000     -0.2590146185     -0.2589441136     -0.2587273376     -0.2583766119     -0.2579141677     -0.2573754705     -0.2568171840     -0.2563362676     -0.2560851720     -0.2561425357     -0.2564183118
      3.7250000000     -0.2576608248     -0.2575914260     -0.2573780470     -0.2570328043     -0.2565775647     -0.2560472254     -0.2554975630     -0.2550240489     -0.2547768191     -0.2548333278     -0.2551048972
      3.7450000000     -0.2563212898     -0.2562529740     -0.2560429209     -0.2557030466     -0.2552548620     -0.2547327077     -0.2541914919     -0.2537252285     -0.2534817853     -0.2535374558     -0.2538049036
      3.7650000000     -0.2549957867     -0.2549285313     -0.2547217349     -0.2543871175     -0.2539458418     -0.2534317042     -0.2528987621     -0.2524396017     -0.2521998680     -0.2522547167     -0.2525181260
      3.7850000000     -0.2536840934     -0.2536178764     -0.2534142691     -0.2530848001     -0.2526502913     -0.2521440062     -0.2516191695     -0.2511669680     -0.2509308685     -0.2509849114     -0.2512443632
      3.8050000000     -0.2523859925     -0.2523207925     -0.2521203086     -0.2517958822     -0.2513680018     -0.2508694094     -0.2503525138     -0.2499071310     -0.2496745924     -0.2497278452     -0.2499834183
      3.8250000000     -0.2511012713     -0.2510370673     -0.2508396429     -0.2505201560     -0.2500987691     -0.2496077135     -0.2490985991     -0.2486598982     -0.2484308491     -0.2484833269     -0.2487350984
      3.8450000000     -0.2498297214     -0.2497664932     -0.2495720658     -0.2492574180     -0.2488423932     -0.2483587226     -0.2478572334     -0.2474250808     -0.2471994515     -0.2472511693     -0.2474992142
      3.8650000000     -0.2485711390     -0.2485088667     -0.2483173756     -0.2480074690     -0.2475986780     -0.2471222444     -0.2466282283     -0.2462024941     -0.2459802167     -0.2460311889     -0.2462755805
      3.8850000000     -0.2473253243     -0.2472639886     -0.2470753745     -0.2467701138     -0.2463674318     -0.2458980907     -0.2454113994     -0.2449919569     -0.2447729650     -0.2448232058     -0.2450640155
      3.9050000000     -0.2460920817     -0.2460316638     -0.2458458690     -0.2455451612     -0.2451484663     -0.2446860771     -0.2442065660     -0.2437932913     -0.2435775204     -0.2436270437     -0.2438643412
      3.9250000000     -0.2448712197     -0.2448117013     -0.2446286695     -0.2443324238     -0.2439415973     -0.2434860228     -0.2430135508     -0.2426063233     -0.2423937103     -0.2424425296     -0.2426763830
      3.9450000000     -0.2436625506     -0.2436039137     -0.2434235901     -0.2431317182     -0.2427466443     -0.2422977506     -0.2418321802     -0.2414308820     -0.2412213655     -0.2412694940     -0.2414999696
      3.9650000000     -0.2424658906     -0.2424081179     -0.2422304488     -0.2419428646     -0.2415634303     -0.2411210868     -0.2406622837     -0.2402668001     -0.2400603200     -0.2401077706     -0.2403349332
      3.9850000000     -0.2412810597     -0.2412241341     -0.2410490674     -0.2407656867     -0.2403917818     -0.2399558611     -0.2395036943     -0.2391139132     -0.2389104110     -0.2389571964     -0.2391811091
